-0.03244034287636292368528501128821517340838909149169921875,0.096805201196937196161940164529369212687015533447265625,0.0723237059860930842081216951555688865482807159423828125,0.1453338575896619133676068713612039573490619659423828125,0.13285220543262443726462151971645653247833251953125,0.1580744598793704380756963701060158200562000274658203125,-0.283648477672431675866704381405725143849849700927734375,-0.18725645007907887329423601840971969068050384521484375
0.024221544135943857967152581522896070964634418487548828125,0.00621647024809122462907229333950454019941389560699462890625,0.00818524982127640486628816773873040801845490932464599609375,0.1469105349101328117367160075446008704602718353271484375,0.003658424501900702820178512553184191347099840641021728515625,0.00708570194096812266959517501163645647466182708740234375,-0.07542701654043716674724606718882569111883640289306640625,-0.10660892173399492965923940346328890882432460784912109375
-0.174258944595625797635563003495917655527591705322265625,0.2742478261648619852763886228785850107669830322265625,-0.00969980973953915755203514237337003578431904315948486328125,0.2307755984973593188502860584776499308645725250244140625,-0.006105050890470594716907815069362186477519571781158447265625,-0.0383127054899275176769180006886017508804798126220703125,-0.2090860004691188211989327783157932572066783905029296875,-0.0265834281150560680639927113588782958686351776123046875
0.020487370054570554211981203707182430662214756011962890625,-0.19482806754640069613060404662974178791046142578125,0.0601332157117826227032963970486889593303203582763671875,-0.005120358420911778722650620210288252565078437328338623046875,-0.1081086020067878461503596554393880069255828857421875,0.2373875114546543929616717605313169769942760467529296875,0.00991450447825214555008788153145360411144793033599853515625,0.440559459661570340660574629509937949478626251220703125
-0.204868104229841530017353079529129900038242340087890625,0.032206679926807306457714474845488439314067363739013671875,-0.05457390292195975212141689780764863826334476470947265625,-0.717852811058875328598105625133030116558074951171875,0.068113519969680236254561123132589273154735565185546875,-0.09738996447637611464376306003032368607819080352783203125,-0.117726559165755528812979946451378054916858673095703125,-0.1548095791084704575535369031058507971465587615966796875
0.2205500587690532032780765803181566298007965087890625,0.2136706461499650322455323703252361156046390533447265625,0.2488571168221389573460555766359902918338775634765625,-0.1345520057528537261060108676247182302176952362060546875,0.171220985391371594008802503594779409468173980712890625,-0.04312840254188408939395316110676503740251064300537109375,0.33369156637146490940182275153347291052341461181640625,0.027593507420187492196195222504684352315962314605712890625
0.253178326416606258586483590988791547715663909912109375,0.29533194467844092745423267842852510511875152587890625,-0.02855291115683340763542474860514630563557147979736328125,0.34712081456993482131423434111638925969600677490234375,-0.11744084131608974186367078118564677424728870391845703125,-0.32097230143603538987662204817752353847026824951171875,0.053598567561176480023021895249257795512676239013671875,0.5723959850012636518812314534443430602550506591796875
0.03771757698850429496584268918013549409806728363037109375,0.680503496359417425765059306286275386810302734375,-0.07700103402312674649721202513319440186023712158203125,-0.32691814573228550333539033090346492826938629150390625,0.353889079111646243092081931536085903644561767578125,0.1146045651356877581594773118922603316605091094970703125,0.1133548265485574690902836891837068833410739898681640625,-0.180162915268225976017646416948991827666759490966796875
-0.204371300881721673636803870977018959820270538330078125,-0.0446998629365770450139194736038916744291782379150390625,-0.2080432077986653638390635023824870586395263671875,-0.0198078065334141052711292019239408546127378940582275390625,-0.08676665496788814324613525741369812749326229095458984375,0.2292936887360408071412365416108514182269573211669921875,0.089965926899987780362977218828746117651462554931640625,0.1883284327438966287981969571774243377149105072021484375
-0.039283790551689075354335756173895788379013538360595703125,-0.133192207429900510984310813000774942338466644287109375,0.152529703734636701284443915938027203083038330078125,-0.2114050401035631743251741454514558427035808563232421875,0.0154508331682470245738159064785577356815338134765625,-0.10295269701321226041290657349236425943672657012939453125,0.06860904649036246583104770024874596856534481048583984375,-0.2486251042974756131354041599479387514293193817138671875
-0.36087978469160952865735225714161060750484466552734375,-0.031785077164310227004762055003084242343902587890625,0.09802179995044084381827786955909687094390392303466796875,0.1371036833828482570662998796251486055552959442138671875,-0.068062223391208542810915105292224325239658355712890625,0.02511159054404223101020221520229824818670749664306640625,-0.357326154149646579849530780847999267280101776123046875,-0.1231240084394160938519036108118598349392414093017578125
0.0231255658398094969541158860693030874244868755340576171875,0.02638140472310455952875685170511133037507534027099609375,0.02853927894499463935318317453493364155292510986328125,-0.486266975761028341640468397599761374294757843017578125,-0.09453892340050999709699652839844929985702037811279296875,0.0997700341887921282602036399111966602504253387451171875,-0.2345530684491824724435815596734755672514438629150390625,0.06335613639315240686045171969453804194927215576171875
-0.0509501206163024689121954224901855923235416412353515625,-0.448729346354708180655279647908173501491546630859375,0.23883660847650867165015142745687626302242279052734375,0.29642233062771572438265366145060397684574127197265625,0.036250254361664298319301025230743107385933399200439453125,0.02557401449367613377461339041474275290966033935546875,-0.1544145290526433844657816507606185041368007659912109375,0.22570210407808499741832974905264563858509063720703125
0.1727994672212695148605376971318037249147891998291015625,0.16904660474142974013744833428063429892063140869140625,-0.116968545275045465725582971572293899953365325927734375,-0.09425120323278411704759349731830297969281673431396484375,-0.1524885895078537390023853959064581431448459625244140625,0.06916374584348361498342683262308128178119659423828125,-0.1663702588090287814992507264832966029644012451171875,-0.06656087850980585418625423699268139898777008056640625
-0.2129376113530587477651323524696636013686656951904296875,0.288436068550096569307328309150761924684047698974609375,-0.031355662465383495052240192535464302636682987213134765625,0.02396528893940673421436571288722916506230831146240234375,0.02364313199135714693710497158463113009929656982421875,0.00862876888899428810819625113026631879620254039764404296875,0.12834764926053610079037525792955420911312103271484375,-0.21006744189010639889403364577447064220905303955078125
-0.311435000610332746173725126936915330588817596435546875,0.1557954102442974109177242780788219533860683441162109375,-0.0271642417770486220562897727859308361075818538665771484375,-0.04632416275706853492355463686180883087217807769775390625,-0.08444860716266333611201844178140163421630859375,0.149229497914011133286038557343999855220317840576171875,0.038378363438958451592242226979578845202922821044921875,-0.293515690611801216558518490273854695260524749755859375
-0.056841169424840000401477624336621374823153018951416015625,0.0831951265783281990184860887893592007458209991455078125,-0.20014261909751862589246229617856442928314208984375,0.1290260783246597042772663144205580465495586395263671875,0.1966198155642132905374097617823281325399875640869140625,-0.0166291962056960562765794975348399020731449127197265625,-0.08980757245680316691593958466910407878458499908447265625,0.041232189224988176345920720677895587868988513946533203125
-0.032059767036905890968956356346097891218960285186767578125,-0.415158494395784949393402030182187445461750030517578125,-0.49372864992829390562434355160803534090518951416015625,0.18100462418164531275266426746384240686893463134765625,-0.051799103790702051564043273401694023050367832183837890625,0.10142933330555414794815760615165345370769500732421875,0.07107876975346431869251517809971119277179241180419921875,-0.209799653930570706439340256110881455242633819580078125
-0.10787063325991973206097185311591601930558681488037109375,-0.3528535162551176274092767926049418747425079345703125,-0.059293891618686069000521143834703252650797367095947265625,0.1400559275528277247691022466824506409466266632080078125,0.0238121456022308830569045312586240470409393310546875,-0.1786453764098370478041744036090676672756671905517578125,-0.0059849133675253969599783232524714549072086811065673828125,0.10624292960529102547440061243833042681217193603515625
-0.039189122549508736970125255538732744753360748291015625,-0.1357152757164457879124341843635193072259426116943359375,0.041397747337815156420948170534757082350552082061767578125,-0.134960307217170505378334155466291122138500213623046875,0.019811811782863585074121459683738066814839839935302734375,-0.126211581833955310827377616078592836856842041015625,0.146756943151716112705429395646206103265285491943359375,0.00868187153673418386679028202479457831941545009613037109375
0.05297914716223972586561785647063516080379486083984375,-0.1825240585363874512569992702992749400436878204345703125,-0.26709280083953490514403483757632784545421600341796875,0.134123163486952690082176786745549179613590240478515625,-0.039843788494391275956107989486554288305342197418212890625,-0.059214987807403841879594352803906076587736606597900390625,-0.14854811774457055140175043561612255871295928955078125,0.346952421844067215861429076539934612810611724853515625
-0.184165566227869115234483388121589086949825286865234375,-0.0180090530819037621113043456944069475866854190826416015625,-0.309654929418994251388852489981218241155147552490234375,-0.07139860879851926689365626543803955428302288055419921875,-0.02921016113793510615703752364424872212111949920654296875,0.284852116117714604381916387865203432738780975341796875,0.11566910599690034822106809997421805746853351593017578125,-0.422842302027140792830550708458758890628814697265625
0.10906697062136071207927301429663202725350856781005859375,0.07055473771527397131020364895448437891900539398193359375,0.00521562308065869235929046254796048742718994617462158203125,-0.02404026935517854235424550779498531483113765716552734375,-0.407148312194315853407289296228555031120777130126953125,0.035852919976152024250648508996164309792220592498779296875,-0.294278861685165760153637393159442581236362457275390625,-0.200475595663449690508883804795914329588413238525390625
-0.0086977620442750085139049787130716140381991863250732421875,0.1924994729413385952110360221922746859490871429443359375,0.104189917134828780032052009119070135056972503662109375,0.300128729883351486051878964644856750965118408203125,0.2402600457877223927294352279204758815467357635498046875,0.158859249058347362648646594607271254062652587890625,-0.047153694791812007791609318019254715181887149810791015625,-0.1469208666887296121927874992252327501773834228515625
-0.00164111237879699368123753711046219905256293714046478271484375,0.197909534422886890236981116686365567147731781005859375,0.031060287304989164791635403162217698991298675537109375,0.043564388806466992909438573633451596833765506744384765625,0.17727710072331037682857868276187218725681304931640625,0.1540041338984485808083491065190173685550689697265625,-0.2126043794653160734497987505164928734302520751953125,0.161479182915513608254087785098818130791187286376953125
-0.042949740119939967819551185357340727932751178741455078125,0.1394122269716614181955804951940081082284450531005859375,-0.14602597121175386885028046890511177480220794677734375,-0.1599453856822322939112979156561777926981449127197265625,-0.1334005752317396764627943639425211586058139801025390625,-0.135361831196288306955466396175324916839599609375,-0.194933036911438595240042559453286230564117431640625,0.190234604449775523971055690708453767001628875732421875
-0.043381905213307259128185933150234632194042205810546875,-0.2143844245690759986455731223031762056052684783935546875,0.0973995257161141270163540184512385167181491851806640625,-0.0099076703035729969670786232427417417056858539581298828125,-0.1773610105237161393976208501044311560690402984619140625,0.0027590247491344750511987893304421959328465163707733154296875,-0.11890526921512456492990850165369920432567596435546875,-0.1417071516614681614409931853515445254743099212646484375
0.1563944836541966143528270549722947180271148681640625,0.399422898511598400972388844820670783519744873046875,0.1911921250139258232625394384740502573549747467041015625,0.23790201591897919275453432419453747570514678955078125,-0.10122013022069163701299743252093321643769741058349609375,-0.015513667255923478671686410734764649532735347747802734375,-0.1629229361516048857350114076325553469359874725341796875,0.22974413995379483477421445059007965028285980224609375
-0.03036950858112001661037737676451797597110271453857421875,0.21829986201514095522924208125914447009563446044921875,-0.11903903203936115617889157647368847392499446868896484375,0.09409930742657986180166318490591947920620441436767578125,0.243849358468338606176217808751971460878849029541015625,-0.158147748817486277772559333243407309055328369140625,-0.226336349686635351918795322490041144192218780517578125,0.1203693675836830234704422082359087653458118438720703125
0.048972348513900303135226721451545017771422863006591796875,0.1351148563560345683409735784152871929109096527099609375,0.001366137670725651141745426997431422933004796504974365234375,-0.248229062933843724891858073533512651920318603515625,-0.350598378305507274443897358651156537234783172607421875,-0.35806339951134635857243893042323179543018341064453125,-0.058101839884191743001995433814954594708979129791259765625,0.2272935260117792122258606468676589429378509521484375
0.0581400238540390190689066685081343166530132293701171875,0.2224989342591274787963584458339028060436248779296875,-0.1262296361799701560624242802077787928283214569091796875,-0.1727121287384688341770555553011945448815822601318359375,-0.097406848999480377671034148079343140125274658203125,0.240474516584886777170737559572444297373294830322265625,0.34938712417474704352571279741823673248291015625,-0.00287917458101998209596406042010130477137863636016845703125
-0.160225452007952018362857415922917425632476806640625,0.10493887413394752117223873710827319882810115814208984375,-0.0349367996343300790673680467079975642263889312744140625,-0.0738216770728439275472965164226479828357696533203125,-0.0352921227817570848372952241334132850170135498046875,0.033784621451466316510714449350416543893516063690185546875,-0.0779302255533610155335821900735027156770229339599609375,0.08575059800032040768780206008159439079463481903076171875
-0.27943245108464231929445986679638735949993133544921875,0.057978112111207215362274070002968073822557926177978515625,-0.364382490518693702430397252101101912558078765869140625,-0.283901257049481492433784524109796620905399322509765625,-0.449852837483036449572892934156698174774646759033203125,-0.2093325164353387890514568425714969635009765625,0.03972665610920088352653323227059445343911647796630859375,-0.41816732682174617696801988131483085453510284423828125
-0.3147644634334854085722099625854752957820892333984375,-0.1137265065300564759187551544528105296194553375244140625,0.19096775444877334138027435983531177043914794921875,0.1688699053558757323667549599122139625251293182373046875,-0.12054460935515275143981028804773814044892787933349609375,-0.288613814005190205680406734245480038225650787353515625,0.159385286067328213466254283048328943550586700439453125,-0.08625636973680006480691417891648598015308380126953125
0.00793899161077746100267926721016920055262744426727294921875,0.07373666672160983370787334933993406593799591064453125,0.1440679643231955464610649642054340802133083343505859375,0.06906825405051396360445181699105887673795223236083984375,0.01331672943359555640052693803454531007446348667144775390625,0.5124701201997960975376145142945460975170135498046875,0.08920011212743715611761530226431204937398433685302734375,0.26726745504687043908376153922290541231632232666015625
-0.0147566515943389937881580209477760945446789264678955078125,-0.07455460575188151139958137036956031806766986846923828125,-0.2414485489109918503469742745437542907893657684326171875,-0.0298482617841046814211036775077445781789720058441162109375,0.0974415659299285030758852599319652654230594635009765625,0.07281955563074314630167549466932541690766811370849609375,0.0438009727138572169113928111983113922178745269775390625,-0.0258693815297300032385319212835383950732648372650146484375
0.025146219318459450686731315727229230105876922607421875,-0.1032515695425613444502488391663064248859882354736328125,0.30629268764368366984029989907867275178432464599609375,-0.28679383432574268031345354756922461092472076416015625,0.1964445605965986774155140892617055214941501617431640625,-0.11193220946673231031009976277346140705049037933349609375,0.341020251756000647436195549744297750294208526611328125,-0.08842839379675514199785624214200652204453945159912109375
0.09405047287658330201765011224779300391674041748046875,-0.202265020927073546630481359898112714290618896484375,0.127257029006371868984359707610565237700939178466796875,0.1421389549138150354412601927833748050034046173095703125,0.22093649150995842145306369275203905999660491943359375,-0.053210826531488210344722489253399544395506381988525390625,-0.1965844134413687605000831126744742505252361297607421875,0.187606585132876702015636283249477855861186981201171875
0.07960928795190906626100257881262223236262798309326171875,-0.09251606628125465248135839146925718523561954498291015625,-0.08161410335162415374821165414687129668891429901123046875,-0.280824870347684496518780861151753924787044525146484375,-0.383551405067316053543180487395147792994976043701171875,-0.185181857239709424245432956013246439397335052490234375,-0.092565645808303287367380107752978801727294921875,-0.21721135444894990040864968250389210879802703857421875
0.34182193856641251983319307328201830387115478515625,0.2581945014822972783719023937010206282138824462890625,0.341057984515167389449885604335577227175235748291015625,0.06282096387486106603414981464084121398627758026123046875,0.063532687826097500316535615638713352382183074951171875,-0.32563783719803962579675271626911126077175140380859375,0.211494535728956822850932439905591309070587158203125,-0.1599635915450569878526465572576853446662425994873046875
0.283506903599642201552200049263774417340755462646484375,0.239291533541647949423492036657989956438541412353515625,-0.039850539804968367063597867172575206495821475982666015625,0.09359376187548841541374855523827136494219303131103515625,-0.264075701660039741103247479259152896702289581298828125,-0.07012761258860276958326807061894214712083339691162109375,-0.1277871477686342849278133826373959891498088836669921875,0.2761466581920724028265112792723812162876129150390625
0.432757065122088613318140914998366497457027435302734375,-0.033729953865374716348579653413253254257142543792724609375,-0.12245847211218248429265287313683074899017810821533203125,-0.093801828055784131077388110497849993407726287841796875,-0.2380856108216637123664582986748428083956241607666015625,0.2001190636269015998838227687883772887289524078369140625,-0.060694576357679989875304471524941618554294109344482421875,-0.22511127702297850650126065374934114515781402587890625
-0.085792835017869162328452148358337581157684326171875,0.06780304632654197971586285120793036185204982757568359375,0.1620664951142913867698780450155027210712432861328125,-0.3556533216420072474051039534970186650753021240234375,-0.07471611259302078644761735404244973324239253997802734375,0.13209519788944612539438594467355869710445404052734375,-0.0786866141053202128308186047433991916477680206298828125,0.0328202218265877532221708179349661804735660552978515625
-0.2005381953405886985564166025142185389995574951171875,0.08610029926319706650161833749734796583652496337890625,-0.175264500754627239320626586049911566078662872314453125,0.1522076280331161601822032025665976107120513916015625,0.0020244679675073414502894930677712181932292878627777099609375,0.22924329604321835862634770819568075239658355712890625,-0.050000010574161514453894739062889129854738712310791015625,-0.576688263928361255494792203535325825214385986328125
0.1854754564799761806792588458847603760659694671630859375,-0.000825025343494895676936529138600917576695792376995086669921875,-0.323217818820179358940691827228874899446964263916015625,0.258697554147445607508615239567006938159465789794921875,-0.1228679778664293620327185863061458803713321685791015625,-0.086133052621683692251508546178229153156280517578125,0.2606575042736523073472199030220508575439453125,0.29806295858794040753991794190369546413421630859375
-0.12079241521313317797581277091012452729046344757080078125,-0.18702783907630482485018319493974559009075164794921875,-0.263534405858334597194669868258642964065074920654296875,0.053347152244398288178928169145365245640277862548828125,0.0307913295764569994172887845707009546458721160888671875,-0.287308200684459558171823800876154564321041107177734375,-0.177635584361500065142536186613142490386962890625,-0.16264179895917119100801073727780021727085113525390625
0.0783036735468622124844984000446856953203678131103515625,0.03163779338721293965530634295646450482308864593505859375,-0.006419814217602533464035463595109831658191978931427001953125,-0.1555037637667840699773336154976277612149715423583984375,0.2127503131502944955233402879457571543753147125244140625,-0.100889898543521872031902830713079310953617095947265625,-0.006146593017104310698039970617401195340789854526519775390625,0.00689067309333694401340952850887333624996244907379150390625
0.102899384628141188358085855725221335887908935546875,-0.2120911604434951025499600518742226995527744293212890625,0.03459821459741228844020355381871922872960567474365234375,-0.194237020988813513522330822524963878095149993896484375,0.0895615867044114166706236801474005915224552154541015625,-0.064625044567292955211001981297158636152744293212890625,-0.0170515273683981664898379193573418888263404369354248046875,0.4542307463562025304781855084002017974853515625
-0.02532180456992032258067837346970918588340282440185546875,0.3719613234926144595959840444265864789485931396484375,0.11591558655720400616839782514944090507924556732177734375,-0.2136958115311555495008377647536690346896648406982421875,0.1677778339982554378639889591795508749783039093017578125,0.091403848483195881957641404369496740400791168212890625,0.18099519042172340643759298473014496266841888427734375,-0.09357890090223454360174315525000565685331821441650390625
0.1138345404494195689526492287768633104860782623291015625,0.24164866753029901058624773213523440062999725341796875,0.014095946401068586151250627835906925611197948455810546875,-0.19838332669963076870800477990997023880481719970703125,0.22554262057826524046078020546701736748218536376953125,-0.287131885870328507071036483466741628944873809814453125,0.111170752182687737619204426664509810507297515869140625,0.11430519339794896482853658881140290759503841400146484375
0.1265468039471042971388925479914178140461444854736328125,0.037077984901829889874402823579657706432044506072998046875,-0.01269388994200986754690152480407050461508333683013916015625,-0.016553812330851035150569572351741953752934932708740234375,-0.20408335843270830611828614564728923141956329345703125,-0.18522287999809428082897966305608861148357391357421875,0.1217422802476895160594949629739858210086822509765625,0.40112168718488006025069125826121307909488677978515625
-0.01342827959779836245746142964208047487773001194000244140625,-0.3157871115963921671010439240490086376667022705078125,-0.01274211538643182754781957299883288214914500713348388671875,0.02616091109749567322761976129186223261058330535888671875,0.029744315750285639510241963989756186492741107940673828125,-0.1703779722355855119619860715829418040812015533447265625,0.07462276749113776197486203045627917163074016571044921875,-0.09733515679660480202084471557100187055766582489013671875
-0.52384199655750751656313468629377894103527069091796875,-0.042438589045842613212133898059619241394102573394775390625,0.27133396028771950003743995694094337522983551025390625,-0.0356488076410396981241746061641606502234935760498046875,-0.01060036953193175569831741000825786613859236240386962890625,-0.10719197473758322602943593437885283492505550384521484375,0.17421541198799073146830096447956748306751251220703125,0.1273014523092597938269676660638651810586452484130859375
0.26122130702453427719689216246479190886020660400390625,0.1855000753161926974055262462570681236684322357177734375,0.13931466738404341132451236262568272650241851806640625,-0.277521750177408377258103655549348331987857818603515625,0.08810848011789516875946759455473511479794979095458984375,-0.283169495290847839097381211104220710694789886474609375,0.3168470043961360005368987913243472576141357421875,-0.07195121262976912623887670861222431994974613189697265625
-0.2021665146927324741010778552663396112620830535888671875,-0.1748581120062002725035199546255171298980712890625,-0.013818882392255822655346975125212338753044605255126953125,-0.1139902389027115658937105990844429470598697662353515625,0.09644324982622022590650345819085487164556980133056640625,0.07896129958307958329744025149921071715652942657470703125,-0.172234088588496370153535508507047779858112335205078125,-0.19900768218304032419752047644578851759433746337890625
0.1357266471611719149681363205672823823988437652587890625,-0.32831353743076963080937957784044556319713592529296875,0.0890970701135659071123740204711793921887874603271484375,0.2483063165109848091649524803870008327066898345947265625,0.24225718769623438841875895377597771584987640380859375,-0.2188378305941851287297339467841084115207195281982421875,0.08297553488395781329245437518693506717681884765625,-0.11580199170801862285085093162706471048295497894287109375
-0.27451808035657132567308735815458931028842926025390625,0.349999015290517967446959346489165909588336944580078125,0.01448214922754984847197423647457981132902204990386962890625,-0.10562767259998571967027913842684938572347164154052734375,0.179153206549391874613519348713452927768230438232421875,0.19514283839681478838201655889861285686492919921875,-0.0129226540490534093363894641015576780773699283599853515625,-0.317164327052172623222503489159862510859966278076171875
0.2464497620262881827368772746922331862151622772216796875,-0.0956994455766565776944077015286893583834171295166015625,-0.27369076525247104658689067946397699415683746337890625,0.4107270290043076865771354277967475354671478271484375,0.11550887043251555075240588621454662643373012542724609375,0.30475068789642001387818481816793791949748992919921875,0.37259088558222408504860823086346499621868133544921875,-0.07109075893519978261991809631581418216228485107421875
0.2035289071403782179547903297134325839579105377197265625,0.35530488401780957463671484219958074390888214111328125,-0.1345645957582422280740530595721793361008167266845703125,-0.06871197922270226576824114772534812800586223602294921875,-0.1633122523235043532796595400213846005499362945556640625,-0.06685627758609920257004688437518780119717121124267578125,0.1608675724311747490258284187802928499877452850341796875,0.0988840481207074739611329050603671930730342864990234375
0.0345892783797712988214101414996548555791378021240234375,0.3095251147471655972509552157134748995304107666015625,0.09115937550731138816484389053584891371428966522216796875,0.19032047274717867058058118345797993242740631103515625,0.11142535431610521567957761135403416119515895843505859375,0.323841588134294589007566855798359028995037078857421875,-0.212510809018317037288881010681507177650928497314453125,-0.0222229760219270176813122219527940615080296993255615234375
0.1319786255121497553499665400522644631564617156982421875,-0.1293184185242924055803115379603696055710315704345703125,-0.0988674346489827049477838727398193441331386566162109375,0.01110354944661917642179105314426124095916748046875,0.0266191249954775242814175584271652041934430599212646484375,0.0661481258474081734721750081007485277950763702392578125,0.013488902004357546104973408773730625398457050323486328125,0.04464193151304192419548400039275293238461017608642578125