-0.1465944656284303426740933673499966971576213836669921875,-0.2032644186498883953628791232404182665050029754638671875,0.0254577773579305784157345016183171537704765796661376953125,-0.1373911704449702619879047915674163959920406341552734375,-0.1598944612545662169456051060478785075247287750244140625,-0.1735875003641325076131352034281007945537567138671875,0.2290904214568527386131080447739805094897747039794921875,-0.217826088681018437132053122695651836693286895751953125
0.1890652716842393943341704698468674905598163604736328125,-0.3753617457110569599620930603123269975185394287109375,0.115253633789453358016174888689420185983180999755859375,-0.01919446267263701100258543874588212929666042327880859375,-0.15897988738920754148153946516686119139194488525390625,0.09760887092571400580620633036232902668416500091552734375,-0.0222333824154619420776501925729462527669966220855712890625,0.10987570984398009610316648831940256059169769287109375
-0.11616165272373508987602264141969499178230762481689453125,-0.12272000987750948663990158138403785414993762969970703125,-0.06791287712376843643813373319062520749866962432861328125,0.163031797164281788692363761583692394196987152099609375,0.2011649301026509906176187314486014656722545623779296875,-0.2025576169283336003257289803514140658080577850341796875,0.16735048101376548412844158519874326884746551513671875,-0.055013062313051690199738885667102294974029064178466796875
-0.3643696524168216210881610095384530723094940185546875,0.0904909319567492598235247669435921125113964080810546875,0.260504425999037614314346456012572161853313446044921875,0.48962887560097645422985124241677112877368927001953125,0.1258927587765471256542326727867475710809230804443359375,-0.10256907457873454259100753915845416486263275146484375,0.1766168144377638082875847658215207047760486602783203125,0.1173644979809963795336358316490077413618564605712890625
-0.1055926892659440341493137793804635293781757354736328125,0.12279246481381998756798878957852139137685298919677734375,-0.22502496285751305560296486873994581401348114013671875,-0.00834428658741621920302833359528449364006519317626953125,0.150924549059286483565500702752615325152873992919921875,0.0258914381937189359839113222960804705508053302764892578125,0.168738338266517351460294094067648984491825103759765625,0.23678251407685457774476844861055724322795867919921875
0.33707536655656067381414686678908765316009521484375,-0.07887825723099606278765349998138844966888427734375,0.178655856069479312964176642708480358123779296875,0.385122904590506409672201471039443276822566986083984375,0.038340340487500679245158607955090701580047607421875,0.427881091615977593445308002628735266625881195068359375,-0.0184826766061988896627799050520479795522987842559814453125,-0.05618778070727721563049072983631049282848834991455078125
-0.1833327630523726714528720549424178898334503173828125,0.049380965172474311497552434957469813525676727294921875,0.350958730605784252620793495225370861589908599853515625,-0.154625798818078141749765563872642815113067626953125,-0.258103286111212970599382288128254003822803497314453125,0.413370909968926003585920625482685863971710205078125,0.1700098375096117664373451816572924144566059112548828125,0.12422720395737751886144906166009604930877685546875
0.1301765569372795583458213286576210521161556243896484375,-0.104942855588890771034726867583231069147586822509765625,-0.10330849980101997065418117927038110792636871337890625,0.139325204883887610041171001284965313971042633056640625,0.0170680972482661792721803095673749339766800403594970703125,-0.198000192518957174314664371195249259471893310546875,0.1350613566962171885332821830161265097558498382568359375,-0.252139085480871771860478247617720626294612884521484375
-0.01514134668283738209548783260061100008897483348846435546875,-0.2337830656108394744574496826317044906318187713623046875,0.01660115353867551435396165970814763568341732025146484375,-0.240893369446715244208689910010434687137603759765625,-0.1588353496549952115213244496771949343383312225341796875,0.1969217706737551309981171243634889833629131317138671875,-0.31727668782664719682173881665221415460109710693359375,-0.1333800765700379198364089461392723023891448974609375
-0.335896770296015334533734630895196460187435150146484375,-0.1751106159104074133647799271784606389701366424560546875,0.22964246873937332882320561111555434763431549072265625,-0.206034625416005756637360946115222759544849395751953125,0.0169022844636483975111485023035129415802657604217529296875,0.06183518804174814587071296045905910432338714599609375,-0.1670753054923061753367363735378603450953960418701171875,0.1326851007685533601065941411434323526918888092041015625
-0.05999386777370992185343112623741035349667072296142578125,-0.2380052808666455188557620203937403857707977294921875,-0.2130497236613755063228126118701766245067119598388671875,-0.259802736105619214157513852114789187908172607421875,0.359969927020529656402914042701013386249542236328125,0.2579760146633194306531322581577114760875701904296875,-0.08876022658189759717561884144743089564144611358642578125,0.0746789088499848208169140661993878893554210662841796875
-0.333440641718687091898942753687151707708835601806640625,-0.041604843172592630151651604819562635384500026702880859375,0.263787184793203122179505726307979784905910491943359375,0.210658339983973708076092634655651636421680450439453125,0.006117850622667981609625886818548679002560675144195556640625,-0.00795086694716124441073556994297177880071103572845458984375,0.1070290034936085543648687234963290393352508544921875,0.25171324138888107047051789777469821274280548095703125
-0.272030528162968410210709180319099687039852142333984375,0.1342717435991975793996289212373085319995880126953125,-0.06504635679736082976010180800585658289492130279541015625,-0.104565663756114535232200069003738462924957275390625,0.30290027768765603877199055204982869327068328857421875,-0.324365274921242896510875652893446385860443115234375,0.08878401162414563396740874168244772590696811676025390625,0.382961007602130087956737725107814185321331024169921875
0.3728241485596288651294116789358668029308319091796875,-0.2267289797030187237236731334633077494800090789794921875,0.429697664270185464285845000631525181233882904052734375,-0.57754665893120160635731963338912464678287506103515625,-0.4310383751429702758883877322659827768802642822265625,-0.223344131929581302120624286544625647366046905517578125,-0.454882405891533725394992870860733091831207275390625,-0.2256145987296431787427763993036933243274688720703125
0.07095786316266745885616984423904796130955219268798828125,-0.255784219130808399000898134545423090457916259765625,0.2716861050881078654128941707313060760498046875,-0.0593270587032009577566071811816073022782802581787109375,-0.32016570213595085814262120038620196282863616943359375,-0.2350442791172155099221896534800180234014987945556640625,0.281661514598080753302156153949908912181854248046875,-0.04878216093493659144542107242159545421600341796875
-0.0235626661536395831664236766300746239721775054931640625,-0.1759116594894012397531923852511681616306304931640625,0.15170016314586887151705241194576956331729888916015625,0.259333239743851640124461255254573188722133636474609375,-0.2509626638897397565841629329952411353588104248046875,-0.11899263108373669961537189010414294898509979248046875,-0.1958428277700949848849631962366402149200439453125,0.0447850657187622847033026118879206478595733642578125
-0.055140666613159174114233707086896174587309360504150390625,0.1584322238873196175834578980357036925852298736572265625,-0.265479179202034287765599174235831014811992645263671875,0.33957375942722467510037631654995493590831756591796875,0.1833343216501568673226785222141188569366931915283203125,-0.031803976906137447488998049038855242542922496795654296875,0.21602534668849193710826739334152080118656158447265625,-0.0081639672914523390978569494791372562758624553680419921875
-0.0707281327875368404090039575748960487544536590576171875,0.6399378304130356465151407974190078675746917724609375,0.1345697995034527971736082463394268415868282318115234375,0.14726311132650582447212173065054230391979217529296875,-0.12502351812330669833528418166679330170154571533203125,-0.024330986576893198769511172940838150680065155029296875,-0.196670666365932778063552177627570927143096923828125,-0.21365195317782503803272220466169528663158416748046875
0.308039064070058488109538075150339864194393157958984375,0.122543469675905736249177380159380845725536346435546875,0.01229052915432552427199563993553965701721608638763427734375,-0.07193335316773540044632540002567111514508724212646484375,-0.00260111363986024156369492033036294742487370967864990234375,-0.083105400796647688199669801178970374166965484619140625,0.382775439400066697093194534318172372877597808837890625,-0.2266698475856218919499696085040341131389141082763671875
-0.276663420807452820060490239484352059662342071533203125,-0.2482442865591491798493706255612778477370738983154296875,0.132897162835524051960334190880530513823032379150390625,-0.03350415612053990466190356301012798212468624114990234375,-0.0165819334312956138954842089106023195199668407440185546875,0.35530028823304871110622116248123347759246826171875,-0.366287195185072800285297489608637988567352294921875,0.0222129477671982981934473144747244077734649181365966796875
-0.0715342189295556096784167721125413663685321807861328125,-0.308139916475216824043315000380971468985080718994140625,-0.304093829206949328725073655732558108866214752197265625,-0.2097036916068996392770173997632809914648532867431640625,0.3380080913543273002375144642428494989871978759765625,0.1462899930589557084825713673126301728188991546630859375,-0.292772599771582153760363098626839928328990936279296875,-0.082544203568511942403773673504474572837352752685546875
-0.0198482663212087122317495158085876028053462505340576171875,0.08072431769608308382846217909900587983429431915283203125,0.10743979611449168409809118429620866663753986358642578125,-0.09318645197216002262763367980369366705417633056640625,-0.0460933619708080721810716795516782440245151519775390625,-0.11403350016536195621341676087467931210994720458984375,-0.1817506969106555125836877095935051329433917999267578125,0.1434990138619688659904483074569725431501865386962890625
0.03423682297638576399467780220220447517931461334228515625,-0.194332179322215636840809338536928407847881317138671875,0.309353241490377073308337685375590808689594268798828125,0.1137473058472863451928702716031693853437900543212890625,-0.1103952632294792624012558235335745848715305328369140625,-0.009852966709680478774036060940488823689520359039306640625,-0.1752507730789162609941200798857607878744602203369140625,-0.204673556862965455582781260090996511280536651611328125
0.16309295289953029683971408303477801382541656494140625,0.04115558697759025275075828176341019570827484130859375,0.24443797737804151548601794274873100221157073974609375,0.258805123839368433902308197502861730754375457763671875,0.2462732164974425763670495825863326899707317352294921875,0.47120396381947993180716593997203744947910308837890625,-0.04835628064548214144480198228848166763782501220703125,-0.1364088451613143238017045177912223152816295623779296875
-0.09501249159835171986809854161037947051227092742919921875,-0.06938046845857974431748260712993214838206768035888671875,0.4616860347098608041704892457346431910991668701171875,-0.00006413205681069143412366406753477576785371638834476470947265625,-0.01348438683460077315567904321369496756233274936676025390625,-0.0011884834579261698006558134466104093007743358612060546875,-0.12177775508311579344411512693113763816654682159423828125,-0.12412359094818532778692343754300964064896106719970703125
-0.035502863159970372841645058770154719240963459014892578125,-0.26957512699626118291007514926604926586151123046875,0.1960332301661000808934431915986351668834686279296875,0.107649614043751451486485848363372497260570526123046875,-0.0020734348966150342556680197247942487592808902263641357421875,0.09675664257704240378554771950803115032613277435302734375,0.149473811877909146250686944767949171364307403564453125,0.1805561036484312487093717436437145806849002838134765625
-0.2196854808078569643026156654741498641669750213623046875,-0.0420404011972774771521699221921153366565704345703125,-0.14175702400487188992173059887136332690715789794921875,-0.1713808722808394247039132096688263118267059326171875,-0.36618819886923359430141999837360344827175140380859375,-0.297527353029938435025059106919798068702220916748046875,-0.208433912124901532525456104849581606686115264892578125,-0.01169572954168783367190354027798093738965690135955810546875
-0.25287701524019434717871490647667087614536285400390625,-0.0247618361690442080613738795591416419483721256256103515625,0.32862453927660428831813987926580011844635009765625,0.11116257443257725190388640612582094036042690277099609375,-0.1262416891412354302826059893050114624202251434326171875,0.22890713192863376690411314484663307666778564453125,-0.1421577412782410176905756316045881249010562896728515625,0.12325718985222731960416098218047409318387508392333984375
0.0300834466129244366972006474725276348181068897247314453125,-0.104299461275084104361354775392101146280765533447265625,0.1018641571677163515374786584288813173770904541015625,-0.15712780582046137478613445637165568768978118896484375,0.114652540342454367650049107396625913679599761962890625,0.229448806879302191763514429112547077238559722900390625,-0.1759704440444957163069972239100025035440921783447265625,0.121015374789540108846352950422442518174648284912109375
-0.131958236645168425216212426676065661013126373291015625,0.0285157198852644087894159241614033817313611507415771484375,0.434643147401718277222926190006546676158905029296875,0.1786389627929853285426275988356792367994785308837890625,-0.129405402938353508712765460586524568498134613037109375,-0.0813405879860464031683164876085356809198856353759765625,0.10794346247240015068680207832585438154637813568115234375,-0.194685882606475069156459767327760346233844757080078125
-0.353343890533871773929064374897279776632785797119140625,0.0293852499270653051699486724146481719799339771270751953125,0.175314255874753133213062028517015278339385986328125,0.01928119120861727930904550021296017803251743316650390625,-0.277333930143876805640701377342338673770427703857421875,0.498665612304631189477532871023868210613727569580078125,-0.2262238311274435975661845077411271631717681884765625,0.1830701820327897688667206921309116296470165252685546875
0.131973556759873378307901248263078741729259490966796875,0.1228407641013981310695868387483642436563968658447265625,-0.1275401431479175062833064657752402126789093017578125,0.1370074443638592265326536789871170185506343841552734375,0.0650282045152831000844884101752541027963161468505859375,0.034928560059185979891349660420019063167273998260498046875,0.2411291211701713788073675459600053727626800537109375,0.0708721596652190921616920604719780385494232177734375
-0.0776367072294459337200578374904580414295196533203125,-0.0857144113460766854384331736582680605351924896240234375,0.14385763038132204361119192981277592480182647705078125,-0.2054380592091650525876644906020374037325382232666015625,-0.1457275724130340233131164495716802775859832763671875,0.00115007423808627276366756131409374575014226138591766357421875,-0.15265325059440393307141903278534300625324249267578125,-0.2119867068799361209396892036238568834960460662841796875
0.048103742781453968924143538288262789137661457061767578125,0.374245624935272747091374867522972635924816131591796875,0.1401537162023358262796790540960500948131084442138671875,-0.309746619547588475374055860811495222151279449462890625,-0.39798996605956260541603342062444426119327545166015625,-0.085466494323453046089156259768060408532619476318359375,0.27047824222822891560014113565557636320590972900390625,-0.099759626027950909499253384637995623052120208740234375
0.02594635528478754504799752567123505286872386932373046875,0.06923490340056602521112694148541777394711971282958984375,0.229572399552180617110508364930865354835987091064453125,-0.09435085851770406983884953433516784571111202239990234375,0.163034010404397466942327810102142393589019775390625,-0.0296913711084603425260919351558186463080346584320068359375,0.32246128872279100630038328745285980403423309326171875,0.034533215357230924447140552047130768187344074249267578125
0.264378296585633554283134571960545144975185394287109375,0.1392112997821567110801055378033197484910488128662109375,0.0896304508471325867002832410435075871646404266357421875,-0.10691946848774931677628075021857512183487415313720703125,-0.232198367872330335703878745334804989397525787353515625,0.392035967765422543873654603885370306670665740966796875,0.08118885911632656160463739070110023021697998046875,-0.12042648944590712833946355431180563755333423614501953125
-0.348755047104368276489338995816069655120372772216796875,-0.1322521289382957154767694873953587375581264495849609375,-0.09060122623141138309410536066934582777321338653564453125,-0.09589303432239380808876916262306622229516506195068359375,-0.03762709135374679714214352088674786500632762908935546875,-0.08963064829040283398864374930781195871531963348388671875,-0.01471311481342410347472604570384646649472415447235107421875,-0.19288388311706927691346891151624731719493865966796875
-0.14512791073533348740198789528221823275089263916015625,0.2378022112508015040166498010876239277422428131103515625,-0.053611444280653001992487105553664150647819042205810546875,-0.087425970624945226195023906257119961082935333251953125,0.0677910658906454577365963132251636125147342681884765625,0.1749939430625800096397171046191942878067493438720703125,0.1895579888455935224644832715057418681681156158447265625,-0.022880521613760605725840235891155316494405269622802734375
-0.093026460568570057407811191296787001192569732666015625,0.0291220838220882481672813213435802026651799678802490234375,-0.320514561162917155368035082574351690709590911865234375,0.06082699423298187912934054111246950924396514892578125,-0.3210360579234448064056550720124505460262298583984375,-0.09589642819255750350038169926847331225872039794921875,0.118843324742009814887211405221023596823215484619140625,-0.251531174760519837807493104264722205698490142822265625
0.143413626276822248062359221876249648630619049072265625,0.238665942248947493542488018647418357431888580322265625,0.05212397237885831036141581762421992607414722442626953125,0.036821260767404349889542203300152323208749294281005859375,-0.0782269272349120636800279271483304910361766815185546875,-0.284069721014350962118300003567128442227840423583984375,0.24423605332318631955246246434398926794528961181640625,0.290025982394737924519034777404158376157283782958984375
0.052300825969705914963991943977816845290362834930419921875,0.27220256870323800146849180237040854990482330322265625,0.26513487629210252816136517139966599643230438232421875,0.3431021773554114862037067723576910793781280517578125,0.0398838443489658855956037086798460222780704498291015625,-0.298662262418406154740324609520030207931995391845703125,0.0738498182448568407654221346092526800930500030517578125,-0.05243415728682376819591581806889735162258148193359375
0.395671917129620409614432219314039684832096099853515625,0.0910768054080442757136637510484433732926845550537109375,0.154009467836575819621458549590897746384143829345703125,0.303751496070056747900167692932882346212863922119140625,-0.07521102924887980434309753263733000494539737701416015625,0.56789662797811668593084277745219878852367401123046875,-0.20470943792414109108079856014228425920009613037109375,-0.076126757977262593524159228763892315328121185302734375
-0.08644532186778548787930986918581766076385974884033203125,-0.165003599636164899333579114681924693286418914794921875,-0.366196168641075125993467054286156781017780303955078125,0.2626430322367701020169761250144802033901214599609375,-0.67539772459001756743646183167584240436553955078125,0.0249412062168013204388472559003275819122791290283203125,0.15607256603954666740463608221034519374370574951171875,0.0534514462427667369492922944118618033826351165771484375
0.50968591320237155439798470979440025985240936279296875,-0.301804022762335588669913022386026568710803985595703125,0.03814211081403216796470445615341304801404476165771484375,-0.0850781881770559522681907083097030408680438995361328125,-0.2155953722321741483636259317790973000228404998779296875,0.236705688101812417034608415633556433022022247314453125,-0.0496962259566111341779759413839201442897319793701171875,-0.269038654276341826498963882841053418815135955810546875
-0.03727650620196197583933184205307043157517910003662109375,0.262316377609592643604941031298949383199214935302734375,0.1470587721301399308782009711649152450263500213623046875,0.1344008414456248357016221461890381760895252227783203125,0.425063402342771123887388284856569953262805938720703125,-0.056856265734731604999385723431259975768625736236572265625,0.039003749966059715614807856809420627541840076446533203125,-0.013957830995540050633696438353581470437347888946533203125
0.044600302671610990434825083639225340448319911956787109375,0.060377384556603068410662871201566304080188274383544921875,0.03553934631219150819259056106602656655013561248779296875,0.026978917950009624615592684904186171479523181915283203125,0.089516145641959476986215804572566412389278411865234375,0.01157372886742658035785780157311819493770599365234375,0.5629385924852512435023754733265377581119537353515625,0.1871396925691710400041500861334498040378093719482421875
0.1674740272546946240339593714452348649501800537109375,-0.20807755506481251384087727274163626134395599365234375,0.042602521694717843114830202466691844165325164794921875,0.172612773006966424560459927306510508060455322265625,-0.250433656557781436635679028768208809196949005126953125,0.045473088538884716414134601336627383716404438018798828125,-0.07756029457376756308661924776970408856868743896484375,0.0943692064930637120045986421246198005974292755126953125
-0.27105110069041316034343935825745575129985809326171875,0.241585322159239279660170041097444482147693634033203125,0.10710666973768157017588009694009087979793548583984375,0.137402586692043693350484545590006746351718902587890625,0.1005915425481207770008751367640797980129718780517578125,-0.122374337891108353471025793623994104564189910888671875,0.1916766745156121276583149892758228816092014312744140625,0.0104358968251534005300396046322930487804114818572998046875
-0.35748061757394022919243070646189153194427490234375,-0.027473054216414778683219566346451756544411182403564453125,-0.32194093629776265874653518039849586784839630126953125,0.239275849493157999337000774175976403057575225830078125,-0.39368965117735610359517295364639721810817718505859375,0.0187582903665850231345046950082178227603435516357421875,0.1253432181000425915673446297660120762884616851806640625,0.1218801249953821719262947453898959793150424957275390625
-0.414459683224050967620399887891835533082485198974609375,0.1714425529710198736754733772613690234720706939697265625,-0.125285304796863894427616514803958125412464141845703125,0.18328626163353212152884452734724618494510650634765625,0.099038222613189841325720408349297940731048583984375,0.2215382398432891586370629966040723957121372222900390625,0.34307671354286728426785657575237564742565155029296875,0.1967157820667642109668804550892673432826995849609375
-0.284777698081425112430764556847861967980861663818359375,-0.1762650436414513188676522759124054573476314544677734375,0.15777751665496797528476236038841307163238525390625,-0.01581723351691800838469958989662700332701206207275390625,0.10022018598161581970362732363355462439358234405517578125,0.4019329610039610312099966904497705399990081787109375,0.05599626480197551769979469327154220081865787506103515625,-0.09632414408790858362241493750843801535665988922119140625
-0.0134108927751971258868213254800139111466705799102783203125,0.1516400830648771125286344840787933208048343658447265625,-0.076620324861349009548661115331924520432949066162109375,0.10657916991293736597157248979783616960048675537109375,-0.055005229026132300418350240533982287161052227020263671875,-0.39997154065202689121605317268404178321361541748046875,0.2160902762775668561889830243671895004808902740478515625,-0.07477128276183585275926901658749557100236415863037109375
-0.11536298887922320777210671849388745613396167755126953125,-0.0495554595524069496637054044185788370668888092041015625,0.04662100874554435392393969550539623014628887176513671875,0.22597706821421403855509879576857201755046844482421875,0.346912002670897778866532235042541287839412689208984375,-0.004168506046621250037131911625465363613329827785491943359375,0.10414258489949677899399915759204304777085781097412109375,0.1344175600088313993207833618725999258458614349365234375
0.0916426848202292754219655535052879713475704193115234375,-0.0950024841629499017248150494197034277021884918212890625,0.345049161699482798137950112504768185317516326904296875,-0.006594813033004068812681364164518527104519307613372802734375,-0.08319964577577414199804906047575059346854686737060546875,-0.1305791387292646044127053528427495621144771575927734375,-0.007404590179906668512277434501811512745916843414306640625,-0.0996880213893323041673966145026497542858123779296875
-0.1801931698364547529411794357656617648899555206298828125,-0.1472995117415616117551024899512412957847118377685546875,0.52109965474928887640970742722856812179088592529296875,-0.084823778200349864153650969456066377460956573486328125,-0.2321643190314587601452700482695945538580417633056640625,0.031963938284889241436825813025279785506427288055419921875,0.2092476143543990640960572591211530379951000213623046875,-0.0768983989559156311255350146893761120736598968505859375
-0.038204249311056315274726102870772592723369598388671875,0.33551673460703745899280647790874354541301727294921875,-0.12211957159266713379697222308095660991966724395751953125,-0.0171855198729796536383229721423049340955913066864013671875,0.09048311582077038506266575268455198965966701507568359375,0.303721731111336323838401085595251061022281646728515625,-0.2266624903723840900315877888715476728975772857666015625,0.07767378194429418181155000411308719776570796966552734375
0.0996978380328578384084181607249774970114231109619140625,-0.02224980628454141518002273869569762609899044036865234375,0.300752022393047990789227696950547397136688232421875,0.2394046746574824136022385800970369018614292144775390625,-0.21489417237980479313819159870035946369171142578125,0.69479209678735698307860957356751896440982818603515625,0.1497941922056783836669779930161894299089908599853515625,0.050889792789927328076071688656156766228377819061279296875
0.11483218603882337782717826257794513367116451263427734375,0.271230198940742184277041815221309661865234375,-0.0236272244898049384176363929555009235627949237823486328125,0.13322997156002747143332953783101402223110198974609375,0.185958444160545521839367211214266717433929443359375,-0.02293514715709325801906715014411020092666149139404296875,-0.275681173365709686340352391198393888771533966064453125,0.085774484569251907561948655711603350937366485595703125
-0.21356628238595309898784080360201187431812286376953125,-0.20361344885510124225191930236178450286388397216796875,-0.31681212624661692078831265462213195860385894775390625,0.053840938656887653290805673123031738214194774627685546875,0.412195363437354966862358196522109210491180419921875,-0.24533355136416579167502050040639005601406097412109375,0.09947690807502880538937262144827400334179401397705078125,-0.050090478102385406489194252799279638566076755523681640625
-0.47605888049445177490071046122466214001178741455078125,-0.0249671515728502359243723418558147386647760868072509765625,-0.5112595434333264687865039377356879413127899169921875,-0.163347699669778467779224229161627590656280517578125,-0.37891283364376793230121620581485331058502197265625,0.137466415303160338634569370697136037051677703857421875,0.259323668499174597723566648710402660071849822998046875,-0.12565071360197010985615406752913258969783782958984375
0.131012004582396757168538670157431624829769134521484375,0.03276287624543101906215980534398113377392292022705078125,-0.10865448765736228364797710810307762585580348968505859375,0.069474525221229710414405644769431091845035552978515625,-0.1317821853082122574019052763105719350278377532958984375,0.2495357695828368249646445065081934444606304168701171875,0.07778896479592088686327855384661233983933925628662109375,0.121027122384847307667854465762502513825893402099609375