0.10644137473925628645243790515451109968125820159912109375,-0.60674441842760618026630936583387665450572967529296875,0.040668638159693036582265079914577654562890529632568359375,0.18329797565676286819069673583726398646831512451171875,-0.104171784082302598672953308778232894837856292724609375,0.031483965273323845368569351421683677472174167633056640625,-0.2178829156535157240970335124075063504278659820556640625,0.05106535038408689664013451192658976651728153228759765625
0.098202719057108145417345212990767322480678558349609375,-0.05594369500934559535920698181143961846828460693359375,-0.27111848042069619513227962670498527586460113525390625,0.0268250585225621347718050202502126921899616718292236328125,-0.098836053268299084439973967164405621588230133056640625,0.0262767400012573759671141715443809516727924346923828125,0.2152530545304151832208816585989552550017833709716796875,-0.20718019045231794716954709656420163810253143310546875
-0.031672609740291957081126383855007588863372802734375,-0.45365199496183994387621396526810713112354278564453125,0.1656466921259329705407026267494075000286102294921875,-0.06450898915402496214266392371428082697093486785888671875,-0.156762571905344871847631793571054004132747650146484375,-0.281269285860038242841341116218245588243007659912109375,0.396797101747147162864592928599449805915355682373046875,-0.4595716958077371572244373965077102184295654296875
-0.280690499460284847987878720232401974499225616455078125,0.123104527651434481061443193539162166416645050048828125,-0.1225380232467185859235314637771807610988616943359375,-0.1779712809510269055923714631717302836477756500244140625,0.0517605012467089176109169557093991898000240325927734375,0.03144756121836493611976237616545404307544231414794921875,0.09185877591832848632069641325870179571211338043212890625,-0.16277343119335807575254193579894490540027618408203125
-0.16214162035208035117506142341881059110164642333984375,-0.00894761912625062320880697797065295162610709667205810546875,-0.01526506261181720218444990422312912414781749248504638671875,-0.09519623836605371758334825926795019768178462982177734375,-0.25757576093958445273557344989967532455921173095703125,-0.1466089048829515295579994926811195909976959228515625,0.026717960992335511305473261245424509979784488677978515625,0.309134888613300962134644578327424824237823486328125
-0.1302488614841757208484551711080712266266345977783203125,0.1791998617700605311853223611251451075077056884765625,0.21615494819138714177597648813389241695404052734375,0.279049715832048683683552781076286919414997100830078125,-0.2030538239006982603740425474825315177440643310546875,0.16440948221376239235524963078205473721027374267578125,0.0105911329420438522774805534254483063705265522003173828125,0.1276155722868335951059037824961706064641475677490234375
-0.0505558531578453040911114158006967045366764068603515625,0.1768370719000851298829957158886827528476715087890625,-0.1071744548724689327645620551265892572700977325439453125,-0.102091146560560008804685594441252760589122772216796875,-0.57525704085439943735735823793220333755016326904296875,0.08251986354992814354236685403520823456346988677978515625,-0.26149100802682767596962776224245317280292510986328125,-0.050670070177446881187766081211520940996706485748291015625
0.1249889812547131662245902816721354611217975616455078125,-0.284361078149043378093807632467360235750675201416015625,-0.2315367578017895056063935044221580028533935546875,-0.098557026056321550555594512843526899814605712890625,0.1266557326400582217384993555242544971406459808349609375,0.302521131758794858956918005787883885204792022705078125,-0.10450359080224423669047695284461951814591884613037109375,-0.2122115429072534975585284655608120374381542205810546875
0.38155405849409351759504716028459370136260986328125,0.200227774181221729321578095550648868083953857421875,0.233397949108212987567867457983084022998809814453125,-0.63733674839877807460908343273331411182880401611328125,-0.325275964829027319780152538442052900791168212890625,-0.004492518528551560190453795229359457152895629405975341796875,0.1866853414765383689655209309421479701995849609375,0.4630623305362984165611806020024232566356658935546875
-0.402616688587613624772387765915482304990291595458984375,0.10699109243333466967573741612795856781303882598876953125,-0.262043928023368788426950004577520303428173065185546875,-0.242839047170200938996487138865632005035877227783203125,0.04399273748813536943913504728698171675205230712890625,0.3869898298703005057319614934385754168033599853515625,0.074418235736225468723858966768602840602397918701171875,-0.154381146826164439289641450159251689910888671875
0.19620053944179460803098891119589097797870635986328125,0.1641241435612656174303225498078973032534122467041015625,-0.053339033632108380500458366668681264854967594146728515625,0.0095586008405777155017002399972625426016747951507568359375,0.2088837219337322526069300465678679756820201873779296875,-0.2216267946251385956291102274917648173868656158447265625,0.22740994741239617393802063816110603511333465576171875,-0.020384307593773132172287887442507781088352203369140625
0.231883284923681376454851488233543932437896728515625,0.298155721743785961930228722849278710782527923583984375,0.30832645571860217703630269170389510691165924072265625,0.07061758914939679498967706194889615289866924285888671875,-0.1301742534295440012481748226491617970168590545654296875,-0.08951401953106331854659316604738705791532993316650390625,-0.184198211568145975292054572491906583309173583984375,0.1906664337911690154658828078026999719440937042236328125
-0.144971937279445073354366968487738631665706634521484375,0.021961040658661314106669948387207114137709140777587890625,0.06790077442424620468575113818587851710617542266845703125,-0.2084593234867792299613853401751839555799961090087890625,-0.1624794025183127488265455440341611392796039581298828125,-0.12277909729256707149769312081843963824212551116943359375,0.1631989677335656530043905831917072646319866180419921875,0.1707724438549913514862055308185517787933349609375
-0.2144811627122846509063691655683214776217937469482421875,0.185461447891710207169779778269003145396709442138671875,-0.1412609619417038719912937949629849754273891448974609375,0.2466318393639694850349997068406082689762115478515625,-0.51184009635048954844904756100731901824474334716796875,0.21284353491440366479281465217354707419872283935546875,0.1770183996437476869889593444895581342279911041259765625,-0.48249511921773502454158233376801945269107818603515625
-0.2169980517868379532586686764261685311794281005859375,-0.11334019796487625197922710640341392718255519866943359375,0.0547484538206083615197172775879153050482273101806640625,-0.0296046215381664534760375318001024425029754638671875,0.00738973108724965029037168307013416779227554798126220703125,-0.0240530739031026320751127656194512383081018924713134765625,-0.048462979324012049608949581624983693473041057586669921875,0.0946482646887394085677414068413781933486461639404296875
0.051554407329931384307286634793854318559169769287109375,0.1038493399462726840543069783961982466280460357666015625,0.341253639586204637890176627479377202689647674560546875,-0.0481094921195424907178761486647999845445156097412109375,-0.0214977323358394555030681516427648602984845638275146484375,-0.07024304628458892529874191268390859477221965789794921875,-0.03375411823277456313530109355269814841449260711669921875,-0.0601378032197646683609804085790528915822505950927734375
-0.000242048092666772934021535146342785083106718957424163818359375,-0.0439988747410623715072830464123398996889591217041015625,0.2436628091627235093152847866804222576320171356201171875,0.0190074093202561023030483511320198886096477508544921875,-0.1731553977344677808236639293681946583092212677001953125,-0.189369007143472600773748126812279224395751953125,0.12377361877454673422249697978259064257144927978515625,-0.302177721765671536413577769053517840802669525146484375
-0.1003248123275455316871784816612489521503448486328125,0.07227094750443767423586649556455085985362529754638671875,-0.043956941881889484424750236257750657387077808380126953125,-0.05288188248855947570792324086141888983547687530517578125,0.12942672277920885814950224812491796910762786865234375,0.1077475354168402343901789208757691085338592529296875,-0.26154283306888281845914434597943909466266632080078125,0.1839204500305815226379735349837574176490306854248046875
-0.04980268385286500121278407959835021756589412689208984375,0.60652441884960561768735942678176797926425933837890625,0.0149050411396077532588666514357100822962820529937744140625,0.27528105120875168143612654603202827274799346923828125,0.374569934981999919099138196543208323419094085693359375,0.16216620393954983558870708293397910892963409423828125,0.0806228532225619354267820426684920676052570343017578125,0.164635988759014251225920588694862090051174163818359375
-0.205645993712654073792833742118091322481632232666015625,-0.2226468779612288673153130957871326245367527008056640625,0.059413257000406054231245178698372910730540752410888671875,0.1807781681876882429182984424187452532351016998291015625,-0.04883210859876545295588101680550607852637767791748046875,0.34295258263708616741638479652465321123600006103515625,-0.1299096700443829466298240049582091160118579864501953125,-0.1329252404660794806279255908521008677780628204345703125
0.1494053056942409030138918524244218133389949798583984375,-0.1284220527909611109240728410441079176962375640869140625,0.32834408165087580755425733514130115509033203125,-0.188108790595939934231495271887979470193386077880859375,0.0306454887437116185733287920811562798917293548583984375,-0.113093281570125159252171442858525551855564117431640625,-0.0686105049115335596798814776775543577969074249267578125,0.36220947545528814348614332629949785768985748291015625
0.10102211292906292106064114477703697048127651214599609375,0.153290659972439236025110176342423073947429656982421875,-0.2449204412552292431382028325970168225467205047607421875,-0.18405139968080586054810510177048854529857635498046875,0.0747757049047527988516748109759646467864513397216796875,-0.2014363828494969421711857648915611207485198974609375,-0.13731204509692374049478758024633862078189849853515625,0.0113087475817762357632734193657597643323242664337158203125
-0.302976844394484301492553868229151703417301177978515625,-0.339008869124233946923396842976217158138751983642578125,-0.1603542922204468090807694125032867304980754852294921875,-0.250155287896513367495998636513832025229930877685546875,0.1905446241347972524682319317435030825436115264892578125,-0.047244393964430753118932670986396260559558868408203125,0.1959377152445142267200850483277463354170322418212890625,-0.53843652255079710311491680840845219790935516357421875
0.02309324300293137677275723262937390245497226715087890625,0.251868413138481128665802089017233811318874359130859375,-0.004578046615454182087512347010260782553814351558685302734375,0.022003957847644271816900385374538018368184566497802734375,-0.21904963509011265987425076673389412462711334228515625,-0.039530246103996115325518445615671225823462009429931640625,-0.2334004429702129790324960367797757498919963836669921875,-0.0525215466864253632817138850441551767289638519287109375
0.09680672726962978591469521916224039159715175628662109375,0.249955066015227933551301475745276547968387603759765625,-0.2430814121312891706860881413376773707568645477294921875,0.212208925695678118916731591525604017078876495361328125,0.0476270455538967407704831202863715589046478271484375,0.10276425189255621039929877724716789089143276214599609375,0.1416703017308147405373119909199886023998260498046875,0.0124262028027170325084060920062256627716124057769775390625
0.441444611364425421040635910685523413121700286865234375,-0.1292575285810066698655163008879753760993480682373046875,0.0162198785302901486715665413385067950002849102020263671875,-0.17769005042474750322156751280999742448329925537109375,0.1989409788882138541143973498037667013704776763916015625,-0.10570438560743176947820387567844591103494167327880859375,0.0550733240749097519017851709577371366322040557861328125,0.1928248738472646828245871120088850148022174835205078125
-0.2493112602280558309786329118651337921619415283203125,-0.17055307665966779051558432911406271159648895263671875,-0.21074660506933928783013243446475826203823089599609375,-0.047033399363592194586392025712484610266983509063720703125,-0.025177465058067595438107133531957515515387058258056640625,-0.256680888998469025619186822950723581016063690185546875,0.5158393274877834944192045441013760864734649658203125,-0.04519352252002616088244479897184646688401699066162109375
0.1515755923163122631525112637973506934940814971923828125,0.051678389289764703473650797604932449758052825927734375,-0.046711824863583002731548532437955145724117755889892578125,-0.14625960218871103535320798982866108417510986328125,0.388743986984715572674531358643434941768646240234375,0.08153331314042643052086845045778318308293819427490234375,0.0791890101219296649315282365932944230735301971435546875,0.1296884438354011515048824776386027224361896514892578125
-0.023258465660265799368477956932110828347504138946533203125,-0.0988597062402563064864580155699513852596282958984375,-0.0028300309583398318424851680674692033790051937103271484375,0.28559453875093954167141419020481407642364501953125,0.035930813144394495306510606269512209109961986541748046875,-0.1249642413962438747265792926555150188505649566650390625,-0.354786582328516175710575453194906003773212432861328125,0.2398490715033831099933792074807570315897464752197265625
0.247357662466680228163795618456788361072540283203125,0.441149020969560934357645010095438919961452484130859375,-0.147289333611723860517628281741053797304630279541015625,-0.147320505468053308817388824536465108394622802734375,-0.144501531804499150357656844789744354784488677978515625,-0.290717230282124872164928319762111641466617584228515625,-0.0630305340793586577063933873432688415050506591796875,0.09539755109854365644483920050333836115896701812744140625
0.3311445608939040941010034657665528357028961181640625,0.07244027046689131832390984300218406133353710174560546875,0.1232296947646430995693123122691758908331394195556640625,0.051569912002007771423262028065437334589660167694091796875,-0.0280661498629999062170981005692738108336925506591796875,0.1956781654940446257828767784303636290132999420166015625,0.0208742280103574977256908340450536343269050121307373046875,-0.377805199870171637410720677507924847304821014404296875
0.25412359732516087706954976965789683163166046142578125,-0.40782312067319903547968351631425321102142333984375,0.27457930863751978112219376271241344511508941650390625,0.0229564092416760789916452267789281904697418212890625,0.018091612268255848061659918357690912671387195587158203125,0.00600327463246188956780269307955677504651248455047607421875,0.2152065843390749133590134078986011445522308349609375,0.1776298260253260374863515380639000795781612396240234375
0.172592243684937418635172434733249247074127197265625,-0.01002078293339266588934943769118035561405122280120849609375,0.08112595741496249346358382581456680782139301300048828125,-0.03842801622889456536480423665125272236764430999755859375,-0.1221824110940136487446494584219180978834629058837890625,0.00610397834288866660001904307364384294487535953521728515625,-0.4349171921205365887175275929621420800685882568359375,0.1801824885194684977562928906991146504878997802734375
-0.257881371372413570330905940863885916769504547119140625,-0.1194283190499621227775861598274786956608295440673828125,-0.10745008767069352817458138815709389746189117431640625,-0.11168876057638331411592247377484454773366451263427734375,-0.039573938689075237318260036545325419865548610687255859375,-0.002920298613670717531587417425953390193171799182891845703125,0.06350371955014670610761839952829177491366863250732421875,0.2395788590671696638434440274068037979304790496826171875
-0.05412708802730571699957096143407397903501987457275390625,-0.1329245157356442053053768859172123484313488006591796875,-0.29793483007006005269801107715466059744358062744140625,-0.13671980077903989059251443904940970242023468017578125,0.0250604344257953880192868467702282941900193691253662109375,-0.0160543838384943036989849218798553920350968837738037109375,0.388004927396805587846984053612686693668365478515625,0.259543264317890542969280431861989200115203857421875
0.0535834484255001408659069284112774766981601715087890625,-0.175532373750801884426664400962181389331817626953125,0.295141206074768958078635705533088184893131256103515625,0.1043774031299097571068301704144687391817569732666015625,-0.045082936503593025456826381969221984036266803741455078125,-0.1355674642433611631897605320773436687886714935302734375,0.228839575997175581623110929285758174955844879150390625,0.396114889359234612076221537790843285620212554931640625
0.41214334543353547957167393178679049015045166015625,0.150272807505816674567000745810219086706638336181640625,-0.05264649052141645579894202455761842429637908935546875,0.04018179423068247990702417382635758258402347564697265625,0.61797282830133648534598478363477624952793121337890625,-0.0504600782127585800740376953399390913546085357666015625,-0.13154948625061224642962542930035851895809173583984375,0.01610745727631344992314410546896397136151790618896484375
-0.1755534308675519294951072879484854638576507568359375,0.04383768287192522927764315454624011181294918060302734375,-0.1335214784006683863548659019215847365558147430419921875,0.07420592837983275291691143138450570404529571533203125,0.0854276849162143303573202501866035163402557373046875,-0.1569032590344772992718702653291984461247920989990234375,-0.29804174391398474686099007158190943300724029541015625,0.2172283381356698572783869849445181898772716522216796875
-0.038861123534097020970623503899332717992365360260009765625,0.1106009919727040102799264786881394684314727783203125,0.08150765363595806334284787908472935669124126434326171875,0.261518963321229092056086074080667458474636077880859375,0.346993576239494616597625054055242799222469329833984375,0.2317288574443425452908940087581868283450603485107421875,-0.09977603040380762788874591251442325301468372344970703125,0.53067455596324986100142950817826204001903533935546875
-0.152080762275271563765954851987771689891815185546875,-0.03372449754971008906156981765889213420450687408447265625,0.30816717574855789774090908395010046660900115966796875,0.05512128975131198871384441417831112630665302276611328125,-0.1544666156821772606821951967503991909325122833251953125,0.1428077523318599106882942351148813031613826751708984375,0.0251267394460838351666343015722304699011147022247314453125,0.28720764177422009044704509506118483841419219970703125
-0.351009603199386066574305687026935629546642303466796875,-0.24759314690292610894317704151035286486148834228515625,0.061089874840771586639309731481262133456766605377197265625,-0.2337993298486275850489590766301262192428112030029296875,-0.2278452775690719966927844097881461493670940399169921875,0.00512998330465882189377335720337214297614991664886474609375,0.1464273994383935295626741890373523347079753875732421875,0.2410668760406201871493436783566721715033054351806640625
0.2984430488273261961040816458989866077899932861328125,0.0002861329924903675370022326784891220086137764155864715576171875,-0.00200629209658437397678643066001313854940235614776611328125,0.0299161648330485661906319450054070330224931240081787109375,-0.029214774102150682655310021118566510267555713653564453125,0.24879716320713907151684907148592174053192138671875,-0.2381262098551217010200531376540311612188816070556640625,0.06751045325976752498053912177056190557777881622314453125
-0.1524526773743820340367705057360581122338771820068359375,-0.00996977053594041116857393802774822688661515712738037109375,-0.090822975086962742796714564974536187946796417236328125,-0.1324634984939403181680717125345836393535137176513671875,-0.033796111433322111039512236629889230243861675262451171875,0.10281735734957107852860502816838561557233333587646484375,0.0787233559207810851265918472563498653471469879150390625,0.2472641425227788125607020219831611029803752899169921875
-0.18158952927095517448918826630688272416591644287109375,0.133625897820749905964277104430948384106159210205078125,0.24050907532400611632539266793173737823963165283203125,0.1638977131677401277709549276551115326583385467529296875,0.1935922264723002605979473855768446810543537139892578125,0.12326009035505323951920075842281221412122249603271484375,-0.0283523028158414736044079518251237459480762481689453125,0.2410886660117893820487466882696026004850864410400390625
0.1268554176504329278341032249954878352582454681396484375,0.22794443918854156994058257623692043125629425048828125,-0.14408234303205602611086533215711824595928192138671875,0.117279934006826902503917153808288276195526123046875,-0.10385282306033072341477918598684482276439666748046875,-0.1370267458249615211141048121135099790990352630615234375,-0.0658238202725581478258476408882415853440761566162109375,-0.2342685173439575108123023028383613564074039459228515625
0.039265135064692369137873129147919826209545135498046875,-0.050049285269044098412027921085609705187380313873291015625,0.01015904006672369540298372925235526054166257381439208984375,0.03227840189667406656237602646797313354909420013427734375,-0.0399825074027730931192081698100082576274871826171875,-0.284102844153648226299679890871630050241947174072265625,-0.397984838659727946374999874024069868028163909912109375,0.21313846696703275807038835409912280738353729248046875
0.1915909905765959264645204029875458218157291412353515625,0.0883371172234130030975762792877503670752048492431640625,-0.195048986663632850646621363921440206468105316162109375,0.4926917159378867427932391365175135433673858642578125,-0.18927900787870888255071122330264188349246978759765625,0.087960362926102153569019037604448385536670684814453125,-0.15194832916652967202963964155060239136219024658203125,0.0856848592410582587941547672016895376145839691162109375
0.27699432161733472668174727004952728748321533203125,-0.09699573260980741407077942994874319992959499359130859375,0.07158014122071941487401858239536522887647151947021484375,-0.0493736686087022647040356559955398552119731903076171875,0.04007802151756589825737364662927575409412384033203125,0.0609016981486835973225169027500669471919536590576171875,-0.170021897148358025475545218796469271183013916015625,0.098311901327347850365612202949705533683300018310546875
-0.1421584430703109747096135606625466607511043548583984375,-0.1470900777203389131475574913565651513636112213134765625,0.440350145613672527833415415443596430122852325439453125,-0.06337988147433769314798013283507316373288631439208984375,-0.10735228595870360823738565159146673977375030517578125,-0.061169034491276232101686360920211882330477237701416015625,-0.20006393168203329135934609439573250710964202880859375,0.11887855503795695388813413728712475858628749847412109375
-0.034166441711706206640908334293271764181554317474365234375,0.258544737994082562959619053799542598426342010498046875,-0.259797963847829771477648819200112484395503997802734375,0.10126956499884372242537011743479524739086627960205078125,-0.00231130185502178599199485375947915599681437015533447265625,0.110698121265806637136819290390121750533580780029296875,0.1379006034518179546477512076307903043925762176513671875,-0.10702216021103234944167326148090069182217121124267578125
-0.170229281864789305789287254810915328562259674072265625,-0.0665180610930609927944345827199867926537990570068359375,0.1806443653132950022399683120966074056923389434814453125,0.0291842353258098159696221074455024790950119495391845703125,0.055411417715933698746599844753291108645498752593994140625,0.21508658798938917744436594148282893002033233642578125,0.09918825563239963560846490508993156254291534423828125,0.048624644769268567101594413770726532675325870513916015625
-0.217224055469584398370130884359241463243961334228515625,-0.05749485207728277647021286611561663448810577392578125,0.498695376908214083044867948046885430812835693359375,0.2884036305609865014076831357670016586780548095703125,-0.06499356363146262249852469494726392440497875213623046875,0.32487343838302706888754300962318666279315948486328125,0.394172478528559910859740966770914383232593536376953125,-0.47163086676495435956013579925638623535633087158203125
0.12285134478879917996341220032263663597404956817626953125,-0.0048839538896656049804523291868463275022804737091064453125,0.402523161834900111699653280084021389484405517578125,0.2041847237867122633048211355344392359256744384765625,-0.1066403227388803831576780112300184555351734161376953125,-0.251101659948841759995019629059243015944957733154296875,-0.1415405755854081404354616324781090952455997467041015625,-0.17751805880625770583947087288834154605865478515625
0.1654426930415605900837050512564019300043582916259765625,0.2272151558725978848229942741454578936100006103515625,-0.0181095795642151370652417341489126556552946567535400390625,0.271619525357183311253805868545896373689174652099609375,0.047154438640717256936429890856743440963327884674072265625,0.1291024142862205736914660292313783429563045501708984375,-0.1349486280115875513896384063627920113503932952880859375,-0.3243615875546954629982110418495722115039825439453125
-0.045176358954004840196017056541677447967231273651123046875,-0.050068437343325999933085768134333193302154541015625,-0.16327045326233158295536895820987410843372344970703125,-0.1880309350708115057049241158892982639372348785400390625,0.254449741368047044343114748699008487164974212646484375,-0.23738065043915168583765762377879582345485687255859375,0.53929357069211558695087660453282296657562255859375,0.015601407740279439606556621811250806786119937896728515625
-0.2139861220858429169400238833986804820597171783447265625,0.10551987236643521617107666088486439548432826995849609375,0.123511035961370085889399206280359067022800445556640625,0.07982061955885617898776018819262390024960041046142578125,-0.1942364514093153360363430692814290523529052734375,-0.062152596216995349698297701479532406665384769439697265625,-0.3041626295820611947107181549654342234134674072265625,0.09558732488811140515228004232994862832129001617431640625
-0.204290012772327556067608611556352116167545318603515625,-0.433998225863821696091093826908036135137081146240234375,-0.10320517338838186560678877867758274078369140625,-0.298337440432655143229823124784161336719989776611328125,-0.060461004553819197582242850330658257007598876953125,0.2705258057495891765853457400226034224033355712890625,-0.08829262014048459838999605153730954043567180633544921875,0.4966762559762718520772750707692466676235198974609375
0.1208613105431353418328654925062437541782855987548828125,0.616405800185912511324204388074576854705810546875,-0.08894884021081728153745871168212033808231353759765625,-0.08108208945522356325685819911086582578718662261962890625,-0.315656660434129376913148234962136484682559967041015625,0.0842542190339826968514813643196248449385166168212890625,-0.1161163604479973632255251914102700538933277130126953125,0.37195605807157272604257514103665016591548919677734375
-0.1889653169187100745229912490685819648206233978271484375,-0.52240283351630278918520389197510667145252227783203125,0.06593525923859479276334383257562876679003238677978515625,0.51209108386431634318824990259599871933460235595703125,-0.346127777662780300449441028831643052399158477783203125,0.097047550026933715461296969806426204741001129150390625,0.3306007347045294419984884370933286845684051513671875,-0.0744667470948335019631514342108857817947864532470703125
-0.09813231656855710138831483391186338849365711212158203125,0.22289559077413034771097954944707453250885009765625,-0.034962803316552153176655082233992288820445537567138671875,0.02216240435705522926479460465998272411525249481201171875,0.034109297812663301463498299881393904797732830047607421875,-0.11949572769979165121068120924974209628999233245849609375,0.055336722562092877097938981023617088794708251953125,0.08693660327733575277076027987277484498918056488037109375
0.053029178366237252062465046265060664154589176177978515625,0.06408322519565871899782649734333972446620464324951171875,0.37457043568252135212759412752347998321056365966796875,-0.0521752976597838757921721253296709619462490081787109375,0.2152691318870737779977986292578862048685550689697265625,-0.1432105698551258965434129777349880896508693695068359375,-0.09314811952400510464133986943124909885227680206298828125,0.2225299884055532972926272350377985276281833648681640625