0.0135900492419016756528993283836825867183506488800048828125,0.01465877472949759542653058730365955852903425693511962890625,0.014214333963877993916025133103175903670489788055419921875,0.0162355305154109515186622303417607326991856098175048828125,0.01224466156489687103381402977220204775221645832061767578125,0.00957034599630959652294404094163837726227939128875732421875,0.01357060526353154154832747479986210237257182598114013671875,0.00895753206403272599078757565393971162848174571990966796875
0.015896642618759400378269930342867155559360980987548828125,0.01285991912868757712506972978871999657712876796722412109375,0.015918467738869242211752208504549344070255756378173828125,0.01431848849481839359987223048165105865336954593658447265625,0.01292587076924108478725994331171023077331483364105224609375,0.01351354273357615286277333410680512315593659877777099609375,0.0118656053109521021637906557089081616140902042388916015625,0.01432411189827694115994649592948917415924370288848876953125
0.015441217305693248629250291514836135320365428924560546875,0.01293362783759943734906983081600628793239593505859375,0.010998632458008451850961506579551496542990207672119140625,0.01301502642184861578689147876275455928407609462738037109375,0.0099579240887862803532915023652094532735645771026611328125,0.0114995418990524178592949056110228411853313446044921875,0.0128786090490997685853447052295450703240931034088134765625,0.01605296061675708096938564040101482532918453216552734375
0.0137010625486661714866887251673688297159969806671142578125,0.01305282913679686566943427550313572282902896404266357421875,0.01382942235778969984616448840597513481043279170989990234375,0.0153338512165783306950839204318981501273810863494873046875,0.015370063354925515841653549387046950869262218475341796875,0.01118168476910868201767979002170250169001519680023193359375,0.01468896349891762008466056244060382596217095851898193359375,0.01251978362656567221600223405175711377523839473724365234375
0.0147327955563690236873153338592601357959210872650146484375,0.01537790984687016117293811845456730225123465061187744140625,0.0131060726801622319526163806813201517798006534576416015625,0.0123460272585771864417569787519823876209557056427001953125,0.0176454758556686581993933060630297404713928699493408203125,0.01298562524398867712438487842518952675163745880126953125,0.0168342773386504461485824180044801323674619197845458984375,0.0106733659329235376633793208611677982844412326812744140625
0.0149221979653825186085125409363172366283833980560302734375,0.0092588996814970299376046369843606953509151935577392578125,0.01392235769841365829180279689580856938846409320831298828125,0.0198480161696490166323147974480889388360083103179931640625,0.01447104766639892466095762557642956380732357501983642578125,0.01122032720005474749902507625165526405908167362213134765625,0.01144090859822385723709725624530619825236499309539794921875,0.0127874575488295116887371705161058343946933746337890625
0.01234714393963469609982741559406349551863968372344970703125,0.00992071330534231334008499203491737716831266880035400390625,0.0147719538172643612139456337217779946513473987579345703125,0.01136914674227761101743539029484963975846767425537109375,0.01455645690854840725025898251487888046540319919586181640625,0.01496597637494808015479197393915455904789268970489501953125,0.0160620074059278604428069314735694206319749355316162109375,0.0172998489425477165737365936593050719238817691802978515625
0.01644747166710990027294059245832613669335842132568359375,0.0144945244836454344150578066319212666712701320648193359375,0.00910312290511843501261690647652358165942132472991943359375,0.0157839636604594109325905293417235952802002429962158203125,0.006204545257172833054581939649096966604702174663543701171875,0.01339017149546081926481111423754555289633572101593017578125,0.0136841048090686791260939259018414304591715335845947265625,0.0129745916950936811262717895942842005752027034759521484375
0.01559658915851239689709384350635446025989949703216552734375,0.01355762893780125023790450455862810485996305942535400390625,0.01460679088566199483600893671564335818402469158172607421875,0.01255272331102685705317423270344079355709254741668701171875,0.0146439899022464299627177553020374034531414508819580078125,0.0113382040788517941820590095858278800733387470245361328125,0.010268165931108193256182659069963847286999225616455078125,0.01414978284578970006701847950125738861970603466033935546875
0.0150576724629937798438650276011685491539537906646728515625,0.01352852639105895683757641023703399696387350559234619140625,0.012751044126712851589644515115651302039623260498046875,0.0147408221645443475444903214111036504618823528289794921875,0.01383928048698765921054043559479396208189427852630615234375,0.01453702815136924397787510088164708577096462249755859375,0.012400610797204725255227231173194013535976409912109375,0.00969061419416723975051031203520324197597801685333251953125
0.0138231592354481035156421597775988630019128322601318359375,0.01269832328975212080990342400355075369589030742645263671875,0.017603109891090408523073307378581375814974308013916015625,0.012629045204164267290902756712966947816312313079833984375,0.01158222814354806749770343543559647514484822750091552734375,0.00941723744313630213575994076791175757534801959991455078125,0.0099623416921465514362044046947630704380571842193603515625,0.01170183363127623964172752124568432918749749660491943359375
0.01216369729484079176273780831252224743366241455078125,0.0123188239925505725602672413288019015453755855560302734375,0.0118251828833241083571703455845636199228465557098388671875,0.01257178704060566039324431386603464488871395587921142578125,0.006898057369861578837222371163306888774968683719635009765625,0.0164122566962170701732048883059178479015827178955078125,0.0141576972276645264570138493809281499125063419342041015625,0.01343260278364793829097845190290172467939555644989013671875
0.01333442062207261351314269148815583321265876293182373046875,0.01278194988631719923588558884830490569584071636199951171875,0.011929701991260012461371076142313540913164615631103515625,0.01519550721434531452558314157386121223680675029754638671875,0.0103251248686955544864307654506774269975721836090087890625,0.0094034425757739577289573418283907813020050525665283203125,0.01129465785174851334693446602841504500247538089752197265625,0.0094584174706053188164123213255152222700417041778564453125
0.0140400565574923842648846772362958290614187717437744140625,0.00858092240339025646989057349856011569499969482421875,0.011812794489617937931935642836833721958100795745849609375,0.0185416957716609646922290011161749134771525859832763671875,0.012671294524489083721530136017463519237935543060302734375,0.0136077000183442049785487171220665914006531238555908203125,0.00801167930503121628049711944186128675937652587890625,0.01289998632945861360699080222502743708901107311248779296875
0.01062052673076074697788850897950396756641566753387451171875,0.009314584578950617366199793423220398835837841033935546875,0.0110526071236980195922061653845958062447607517242431640625,0.01034574614884110899115654547131271101534366607666015625,0.01278174295979426534908274248891757451929152011871337890625,0.0136378752037219184989336184798958129249513149261474609375,0.01269381063001110386545544628233983530662953853607177734375,0.01073059396935577801401873188069657771848142147064208984375
0.010337768498817144491308539500096230767667293548583984375,0.0114323134134445558718340407722280360758304595947265625,0.01375230208807872063492272474150013295002281665802001953125,0.01562399632638211861845878303256540675647556781768798828125,0.014942173264384579767227734237167169339954853057861328125,0.0169823747237694729073087529513941262848675251007080078125,0.016152909028642248312479523519868962466716766357421875,0.0087555193687377484701439556147306575439870357513427734375
0.01121288810533279702019715529104360030032694339752197265625,0.01348587386532577002407062849442809238098561763763427734375,0.01463726598098964194749616041235640295781195163726806640625,0.01392142121929920879630504515489519690163433551788330078125,0.01455606026533545239998179710028125555254518985748291015625,0.01245113836257597493550886014190837158821523189544677734375,0.01445702444932127177235070547567374887876212596893310546875,0.01272048789869233316462970861948633682914078235626220703125
0.01469853367600737481524220129358582198619842529296875,0.01016124483417517147809672195535313221625983715057373046875,0.0098612406122116254281184666297122021205723285675048828125,0.0135937614240872993442987848311531706713140010833740234375,0.010920986614668511116565952079326962120831012725830078125,0.015345390291111642155907901496902923099696636199951171875,0.010396300971494555620555644281921559013426303863525390625,0.009875058706969870592207172421694849617779254913330078125
0.007719647352402702993046101909158096532337367534637451171875,0.0116889467119756680635322965144951012916862964630126953125,0.01241456591071487917943283463273473898880183696746826171875,0.0130956627611167851499285319505361258052289485931396484375,0.01288504879887415570383080165584033238701522350311279296875,0.012481180351196503874877663520237547345459461212158203125,0.0089397172292836786511305291469398071058094501495361328125,0.01355027474108132408414650882377827656455338001251220703125
0.013969129892998803643688887632379191927611827850341796875,0.01480141197129319040326489442804813734255731105804443359375,0.0109213610518854205289063230566171114332973957061767578125,0.0124971886832752378249100644325153552927076816558837890625,0.0160888798120814129066769027076588827185332775115966796875,0.0156557082337865326182591019232859252952039241790771484375,0.011734037949181132243214875643388950265944004058837890625,0.01481068708981158298099156667149145505391061305999755859375
0.013487604304279567080104840215426520444452762603759765625,0.0122527010156271466689847926545553491450846195220947265625,0.01211377024058669406303412330316859879530966281890869140625,0.017261246029722066008815772875095717608928680419921875,0.01232311735150189158094491403971915133297443389892578125,0.0113892342589252022755363924488847260363399982452392578125,0.01134579415628016001160727199703615042380988597869873046875,0.011869877396353943621587490042657009325921535491943359375
0.0129452465958999896056269562905072234570980072021484375,0.011045681271780578847074849591081147082149982452392578125,0.01491048442012763743103054281391450786031782627105712890625,0.01078713409440497893176935662040705210529267787933349609375,0.01383463255350605124183172023322185850702226161956787109375,0.0132320801030727797087394037589547224342823028564453125,0.010558505933783289554295237167025334201753139495849609375,0.01054669573924526919384003775803648750297725200653076171875
0.0118220102510078438340368478520758799277245998382568359375,0.01233524035642319556516088852049506385810673236846923828125,0.01096867720848353211504644377782824449241161346435546875,0.0122668063893937688557667087252411874942481517791748046875,0.0107196102142033851400970689837777172215282917022705078125,0.0150490456294269762949067370527700404636561870574951171875,0.01283568047055915796461622591095874668098986148834228515625,0.0168055375560081411701052189755500876344740390777587890625
0.014426437661669448686563299588669906370341777801513671875,0.009678917393109727485001059221758623607456684112548828125,0.0104555062893976306870325032605251180939376354217529296875,0.0095225064531997694050602376591996289789676666259765625,0.01267421992811990603955418777104569016955792903900146484375,0.0125730103937509614386858203260999289341270923614501953125,0.01404587493645419009336006155308496090583503246307373046875,0.01239470507314982712643303131017091800458729267120361328125
0.01221785235808467602602878088191573624499142169952392578125,0.0122559876166999093261011921640601940453052520751953125,0.0114885612468679822184558503295193077065050601959228515625,0.0143993797093499402428573574752590502612292766571044921875,0.0165351403263931558129673504708989639766514301300048828125,0.01448624450211269919230883118643760099075734615325927734375,0.0159150534305875050733458664353747735731303691864013671875,0.01269371033312593870234774584560000221244990825653076171875
0.012750530430928448677452280435318243689835071563720703125,0.01111024750877575260898932896225232980214059352874755859375,0.01189146898280850871143510261163100949488580226898193359375,0.018402624736642579639234185151508427225053310394287109375,0.007392165903634479763584241851503975340165197849273681640625,0.0119398719245525884724568044248371734283864498138427734375,0.01311388940265322163025718538165165227837860584259033203125,0.01117392563869487771832655909065579180605709552764892578125
0.010468249976369477238780092420711298473179340362548828125,0.0143616840355585105581948113240287057124078273773193359375,0.014900188136931148685793147024014615453779697418212890625,0.01314229497538980766246918818751510116271674633026123046875,0.017005940128540140976465266930972575210034847259521484375,0.0117686131841375045403719212799842352978885173797607421875,0.01118663682778253676275426187203265726566314697265625,0.0125107547102999809573997680445245350711047649383544921875
0.01559738616359050873694247485445885104127228260040283203125,0.0165671621675571624499045952916276291944086551666259765625,0.0132525006229787488398752515195155865512788295745849609375,0.01046448397565256059615901307324747904203832149505615234375,0.00971845510355047979833553739581475383602082729339599609375,0.01135406653719094050014604135867557488381862640380859375,0.0109485448657198371213983278948944644071161746978759765625,0.01384501379531127319977290568431271822191774845123291015625
0.0110930238125916229285916614344387198798358440399169921875,0.015632892922429870996570144825454917736351490020751953125,0.009735312969222566226168424918796517886221408843994140625,0.013820691999125854498853271934422082267701625823974609375,0.0112030653760395206008926294316552230156958103179931640625,0.00944876274539305401056754618593913619406521320343017578125,0.0112947975807263685521508733700102311559021472930908203125,0.0133590695868453235295447711905580945312976837158203125
0.00860644463052569023975291173655932652764022350311279296875,0.01046621530451985991605479142663170932792127132415771484375,0.0106480524093571123078749707246970501728355884552001953125,0.013665248833827893515380225153421633876860141754150390625,0.0113749473128572538282998749537000549025833606719970703125,0.0172753983959256542102256304360707872547209262847900390625,0.0115148385600691016694696600097813643515110015869140625,0.01408158869133140957130567727517700404860079288482666015625
0.00985354138713427640805520013600471429526805877685546875,0.015981302619379071650040913254997576586902141571044921875,0.01594130829236040103324967276421375572681427001953125,0.0133641688793868264328867923040888854302465915679931640625,0.01059564680396975384912838791251488146372139453887939453125,0.013927384291857851372764542929871822707355022430419921875,0.0137803960532521287130069964632639312185347080230712890625,0.01376525055498479220561502955888499855063855648040771484375
0.013278319875217221845975501537395757623016834259033203125,0.01365201315403608180176764363977781613357365131378173828125,0.01322447091266252226782196288468185230158269405364990234375,0.01326489720428789161055238565722902421839535236358642578125,0.01254357447208843436003977700465839006938040256500244140625,0.0165279645377387381099953955754244816489517688751220703125,0.01099697565475236081533605414506382658146321773529052734375,0.013770591032511152185247027546211029402911663055419921875
0.0128252876620115301153912668041812139563262462615966796875,0.015020834546018047017668095577391795814037322998046875,0.0190602934158469218550724377791993902064859867095947265625,0.0137161740592488985701624670809906092472374439239501953125,0.0128618946085924355793306261830366565845906734466552734375,0.01535103258792893353434916292599154985509812831878662109375,0.01289163760002808890858805312973345280624926090240478515625,0.014369995164303935031302472680181381292641162872314453125
0.0161105378880082306114474022251670248806476593017578125,0.0133742913412014975682584605465308413840830326080322265625,0.01217386026908521580447430920912665897049009799957275390625,0.016493764523981123415463656556312344036996364593505859375,0.01511297737992089995628930410020984709262847900390625,0.01381195518313369820229130624511526548303663730621337890625,0.0161312566434851055452437407211618847213685512542724609375,0.01526093933593527553205237978772856877185404300689697265625
0.01486188134363155242956278101473799324594438076019287109375,0.01147268707713450068552685223721709917299449443817138671875,0.0157261345282501997788759950935855158604681491851806640625,0.01464497662446172070171979129327155533246695995330810546875,0.014520819798962615598814096529167727567255496978759765625,0.012817869162909563407470869833559845574200153350830078125,0.01273722430034009145405349272550665773451328277587890625,0.01189854621733855456755524215850527980364859104156494140625
0.0148454523422470070770362582379675586707890033721923828125,0.014309667223709153505151192575794993899762630462646484375,0.0139138426310310876765630183626853977330029010772705078125,0.01753540144108846343673491219306015409529209136962890625,0.0159201825027396361156295512273572967387735843658447265625,0.017237329129797786253508462550598778761923313140869140625,0.0127947408837325617148028555902783409692347049713134765625,0.0170352665854634315045768033769491012208163738250732421875
0.0130251293968776694909283975221114815212786197662353515625,0.01090929840384941180986277942110973526723682880401611328125,0.01392740872064431902066505841730759129859507083892822265625,0.01412648931589845224809920409825281240046024322509765625,0.0159586998639226727847439946117447107098996639251708984375,0.0147703749047358064150348155862957355566322803497314453125,0.00991768450421804705074979580103899934329092502593994140625,0.0152303696684831339769328195643538492731750011444091796875
0.0118807449008902395182207811785701778717339038848876953125,0.0116115904949601923823454541206956491805613040924072265625,0.01233025559241605895177684715235955081880092620849609375,0.01183306414566733140436571858344905194826424121856689453125,0.0080237883204593608843513408146463916637003421783447265625,0.01449132928510358901685872723419379326514899730682373046875,0.00967540383620612599868682224268923164345324039459228515625,0.011832521699852681373865692648905678652226924896240234375
0.01040243586859090386964599161956357420422136783599853515625,0.0106232854278799637715025028228410519659519195556640625,0.01117753400379910104500691403472956153564155101776123046875,0.0117075572758156797037454310839166282676160335540771484375,0.0088391595082076383771418903734229388646781444549560546875,0.0141026194683399330731532472782419063150882720947265625,0.01195677947869794484347938379187326063401997089385986328125,0.0129343039664370322572306548636333900503814220428466796875
0.009592880947540217972946408053758204914629459381103515625,0.00955421561658443586895206323106322088278830051422119140625,0.01495385652317194995208904373384939390234649181365966796875,0.01200466970377855012441781212828573188744485378265380859375,0.0133857665849797559387557299714899272657930850982666015625,0.014901865121887437892755912116626859642565250396728515625,0.01556327662180194588981141379235850763507187366485595703125,0.01353381622268615656901058486027977778576314449310302734375
0.01529469627457112797241922663715740782208740711212158203125,0.007102858179524960957618162638027570210397243499755859375,0.0133315911766652105130415151279521523974835872650146484375,0.01416562262784912783197821539715732797048985958099365234375,0.01193259642781705799630120878873640322126448154449462890625,0.01253155628530628305783434228715123026631772518157958984375,0.014748554801187009621887824550867662765085697174072265625,0.0127902030425533670687787690667391871102154254913330078125
0.01100698324435965547163362998617230914533138275146484375,0.0130828981160700207053704247073255828581750392913818359375,0.01542426930202878652964582073536803363822400569915771484375,0.01461674624527257819461834031926628085784614086151123046875,0.01311860819204243959468225710907063330523669719696044921875,0.01007565027587577037582189376507812994532287120819091796875,0.01419061374293917147937360567766518215648829936981201171875,0.0154996841747579890136155000845974427647888660430908203125
0.01035101520648002391966624458063961355946958065032958984375,0.01072388367090653694957413932797862798906862735748291015625,0.00912504138592450976530390249763513565994799137115478515625,0.01435406984013832924762521514594482141546905040740966796875,0.01547241647413759475793160191869901609607040882110595703125,0.0093024576503948873396065977203761576674878597259521484375,0.01482688288689282783694434186827493249438703060150146484375,0.00873696126366840623844733926262051681987941265106201171875
0.0174591666132728508264992939302828744985163211822509765625,0.009998018560521682029929024793091230094432830810546875,0.0115970616230620417186347737015239545144140720367431640625,0.01066103850891813274726072080511585227213799953460693359375,0.01140560565765992399878125951317997532896697521209716796875,0.01077911190314875290729990098270718590356409549713134765625,0.01219347899481537482457849108641312341205775737762451171875,0.0117508224851757860085488260892816470004618167877197265625
0.0145093605158592535431250070132591645233333110809326171875,0.00895507531104948288624978403049681219272315502166748046875,0.00920402443205037799900392059271325706504285335540771484375,0.00980708828105940171038223951427426072768867015838623046875,0.012200620109309133487496268344330019317567348480224609375,0.0136626102381412761754830853533348999917507171630859375,0.009413121676084601485712255453108809888362884521484375,0.0157138387644819542410257184883448644541203975677490234375
0.005211296240895098817735853202748330659233033657073974609375,0.011810942245868573385880750947762862779200077056884765625,0.00917905888268293057574709337131935171782970428466796875,0.01526647603581205402123455172613830654881894588470458984375,0.01134050703741716625838620302602066658437252044677734375,0.0077612598521434872367308344109915196895599365234375,0.01343671399276684906565204613571040681563317775726318359375,0.01268512265083463104453631586920892004854977130889892578125
0.0116855495125654830490535829312648274935781955718994140625,0.0110276162508546639318129933826639899052679538726806640625,0.00965361034445354204702738343257806263864040374755859375,0.0109986751408412443409279291017810464836657047271728515625,0.0104083601375742663963652745451327064074575901031494140625,0.00951112068151275559524382430254263454116880893707275390625,0.01319611382926753027911015436757224961183965206146240234375,0.015708067256603154560057333810618729330599308013916015625
0.0133153415199131382185004923712767777033150196075439453125,0.0162668514524824357747601055734776309691369533538818359375,0.0151547272546511783974931830698551493696868419647216796875,0.01511500259941089656379187289303445140831172466278076171875,0.013998868326751671975483048981914180330932140350341796875,0.0154408412614187758038486464329253067262470722198486328125,0.00971407971638054389129646182254873565398156642913818359375,0.01245496923274886334753741579106645076535642147064208984375
0.0123627943476106484654852835092242457903921604156494140625,0.0086033029231021677929458491007608245126903057098388671875,0.01311017856347418929219283967313458560965955257415771484375,0.00979728875664885763552280906196756404824554920196533203125,0.0131138116649294374227441295488461037166416645050048828125,0.0120067833523270252327197482600240618921816349029541015625,0.01122810925665900481928982657109372667036950588226318359375,0.01227861616805623300174854506394694908522069454193115234375
0.01098042859642501915817813795683832722716033458709716796875,0.0150995833432538105467468625420224270783364772796630859375,0.0121366925441011401509694422884422237984836101531982421875,0.01320149208757234911282285594325003330595791339874267578125,0.010525299612293419204700484215209144167602062225341796875,0.01034138829695170798406156364990238216705620288848876953125,0.0126964929811373521129080899072505417279899120330810546875,0.0112976249550656750175736675601001479662954807281494140625
0.0135374837517184022639415985622690641321241855621337890625,0.0150570559719233366957613640124691301025450229644775390625,0.01251074064022406930052344620207804837264120578765869140625,0.015104494367407468591313346450988319702446460723876953125,0.01329594162759103505300206649053507135249674320220947265625,0.01427790233639582816171920143233364797197282314300537109375,0.010322378336542849253110176732661784626543521881103515625,0.0121751795224471388856546383294698898680508136749267578125
0.0121878992811233662074688055554361199028789997100830078125,0.0092995265046851884049861070025144726969301700592041015625,0.01488140176963505256768627305064001120626926422119140625,0.01168686848980947899645510545951765379868447780609130859375,0.01111021802383653674095587149395214510150253772735595703125,0.012004931794171787295955056151797180064022541046142578125,0.0164273788287763421178677702982895425520837306976318359375,0.012487912833026811043612980256511946208775043487548828125
0.01164491538275276051594975257330588647164404392242431640625,0.01506130366427217530389537358814777689985930919647216796875,0.01465434981762098708146790926321045844815671443939208984375,0.01326166124006820414005236585808233940042555332183837890625,0.0131925404016446749799751358978028292767703533172607421875,0.01222346042482729856770706788893221528269350528717041015625,0.012279979820451973615558216579302097670733928680419921875,0.0090998460303146587457856497849206789396703243255615234375
0.01267935444434313552175552786138723604381084442138671875,0.00865631754328184503666232529894841718487441539764404296875,0.01107748500210359830775441736250286339782178401947021484375,0.0153279246077078490362310958516900427639484405517578125,0.0098705874976045236690591622163992724381387233734130859375,0.01017893752225391447441271708385102101601660251617431640625,0.01215422036243799831789491605604780488647520542144775390625,0.01130021058856112148305328446440398693084716796875
0.01262209739837817819296805765816316124983131885528564453125,0.011142487845816458069680976450399612076580524444580078125,0.00857648510464613204884454233933865907602012157440185546875,0.01190501299920511402152811797350295819342136383056640625,0.0136487590115004497892670087821898050606250762939453125,0.01132416725268149855498922562446750816889107227325439453125,0.0115941989650044270654394296116151963360607624053955078125,0.01235745997394240534850151647106031305156648159027099609375
0.01416326529033665009016385027962314779870212078094482421875,0.01150656874163635302876773636171492398716509342193603515625,0.01421578406639762738594701119154706248082220554351806640625,0.01341144282584873399788438774749010917730629444122314453125,0.01329003586207408611763458594623443786986172199249267578125,0.01096852949016594198916596525350541924126446247100830078125,0.0159966394668596377515168427407843410037457942962646484375,0.01044564784028131736171030041759877349250018596649169921875
0.01570397559365453721280658783143735490739345550537109375,0.01023232342507207799642277024076975067146122455596923828125,0.01369335327430109584823103574535707593895494937896728515625,0.01097350354434132278791391712502445443533360958099365234375,0.00904855617788970223447364560342975892126560211181640625,0.0094836123205979949712940424433327279984951019287109375,0.0146387224304782882777775654403740190900862216949462890625,0.01108437139429939606583008782081378740258514881134033203125
0.01404317085947585745653309885483395191840827465057373046875,0.01472880806968987661698111679697831277735531330108642578125,0.01228231528581002866828963959733300725929439067840576171875,0.01269871388024698850849336650981058483012020587921142578125,0.01209485195513338058603824975989482481963932514190673828125,0.0179617361026302158055756308385753072798252105712890625,0.007675235616863471631299287167848888202570378780364990234375,0.0141384209906440967696727994962202501483261585235595703125
0.0161269690043527279266211138519793166778981685638427734375,0.0133037276375906100833734768684735172428190708160400390625,0.01175909516708676348650808307638726546429097652435302734375,0.01464458584317241025829492429011224885471165180206298828125,0.01387467353993107090082137489162050769664347171783447265625,0.015791304742781238357185458198728156276047229766845703125,0.01304915137716592364591772224002852453850209712982177734375,0.01282010429749343323468924182861883309669792652130126953125
0.01358413835919813732189265209626682917587459087371826171875,0.01286331892716919937658115458134489017538726329803466796875,0.012183949742738751920168027709223679266870021820068359375,0.0122150537806285826303298591710699838586151599884033203125,0.01658957388697361590157441924020531587302684783935546875,0.01322702619075595380226939568046873318962752819061279296875,0.0098153957891687106107614368966096662916243076324462890625,0.01121201357350030437809440542196171008981764316558837890625
0.01148876914008369574948797975366687751375138759613037109375,0.0152063682994570716078275296467836597003042697906494140625,0.0161869718433554042602562361707896343432366847991943359375,0.019094684910979965730692953229663544334471225738525390625,0.0162008517382872911649638325570776942186057567596435546875,0.0169915873715144848110636388582861400209367275238037109375,0.0197991864964419776728998812131976592354476451873779296875,0.0125880281949147625197849009737183223478496074676513671875