0.0813473825032879904739502308075316250324249267578125
0.085378183573594113031646202216506935656070709228515625
0.08757567254276719947991836079381755553185939788818359375
0.07218791481740449711423934786580502986907958984375
0.0840456939131851432644992883069789968430995941162109375
0.08440056158429652677366306079420610330998897552490234375
0.098434421291745011206586468688328750431537628173828125
0.087735302678137561116500364732928574085235595703125
0.07706036902578101976946101103749242611229419708251953125
0.0725349495569201085931609895851579494774341583251953125
0.08747583712749466833269451626620138995349407196044921875
0.07979667854424245254651992809158400632441043853759765625
0.0773492382246864507155947876526624895632266998291015625