-0.05097229623748693316809266207201289944350719451904296875,0.7007208751432594251440377774997614324092864990234375,-0.1870274648958374641427582218966563232243061065673828125,-0.268093594553741654262779547934769652783870697021484375,0.4708174277914920491383554690401069819927215576171875,0.1019202936296079997635644076581229455769062042236328125,-0.2515799051241618400354127516038715839385986328125,0.09622966889042049165592374038169509731233119964599609375
-0.495094193406095783860365600048680789768695831298828125,-0.497089688568288334824529783873003907501697540283203125,0.12856416265636527729299132261076010763645172119140625,0.0168127318896539833248393591702551930211484432220458984375,-0.03228170303357334736116257545290864072740077972412109375,-0.125335995101851171984463917397079057991504669189453125,-0.76157546021171163008744997569010592997074127197265625,0.512743248429029296886483280104584991931915283203125
-0.01319075298637066573359533094844664447009563446044921875,0.289068191661232820610649696391192264854907989501953125,-0.243891692727690234665516300083254463970661163330078125,0.350842791017509092466042375235701911151409149169921875,0.469537550018362725978704474982805550098419189453125,0.4568749526150617246145202443585731089115142822265625,-0.277280048751008589835720385963213630020618438720703125,0.2009349135754389392705121508697629906237125396728515625
-0.0103336355931345248715391704763533198274672031402587890625,0.2208632637659822817166599406846216879785060882568359375,-0.5956267902928604751622287949430756270885467529296875,-0.233558982115602997708947441424243152141571044921875,0.34157035833965887494656499256961978971958160400390625,1.2197099345662942848633747416897676885128021240234375,0.370729477295846432394199609916540794074535369873046875,0.1864747932652542627973701883092871867120265960693359375
1.3864234806602151461873972948524169623851776123046875,0.41205104980395435010365190464654006063938140869140625,1.22495233888128307597753519075922667980194091796875,0.10859401925359914165003516473007039166986942291259765625,0.54620583625570662267278976287343539297580718994140625,0.8588705688595388298978150487528182566165924072265625,0.87022998176026911121283546890481375157833099365234375,0.0772366981730308044262756084208376705646514892578125
0.66241929289469203556706133895204402506351470947265625,-0.2460989415661011536773372654351987875998020172119140625,0.31094352126276592063192083514877595007419586181640625,0.714442410771665148416786905727349221706390380859375,-0.03922381743874371606839446258163661696016788482666015625,0.029280544175833082831683640279152314178645610809326171875,0.56437372943589358964544544505770318210124969482421875,-0.052946623232096458322448739863830269314348697662353515625
0.222177324797117936583390473970212042331695556640625,0.0645184342500488561267246723218704573810100555419921875,0.6474093209461397879778132846695370972156524658203125,0.834455428267837806544093837146647274494171142578125,-0.07950559192449070666786070660236873663961887359619140625,0.71569375141219027103289818114717490971088409423828125,-0.21467624426832043749158174250624142587184906005859375,-0.9826986545359293057089189460384659469127655029296875
0.80761295705349211981882717736880294978618621826171875,0.83392204977633088702759778243489563465118408203125,0.1867554662898458228692533111825468949973583221435546875,-0.470390736585513724588025752382236532866954803466796875,-0.4444684607353934779894188977777957916259765625,-0.447983021310795759273304383896174840629100799560546875,0.6274981451457524173065394279547035694122314453125,-0.89805501282167454757399127629469148814678192138671875
0.1108526870389805463190668888273648917675018310546875,-0.1733467477396126721345126497908495366573333740234375,0.55713917663467815710731656508869491517543792724609375,0.447179092307280423579385342236491851508617401123046875,-0.437123108632321455413460853378637693822383880615234375,0.64583955988436081430137392089818604290485382080078125,-0.366819336236455406652368083086912520229816436767578125,-0.252816953651808729031102984663448296487331390380859375
-0.400503554496928704242719732064870186150074005126953125,-0.62115361149863257406167349472525529563426971435546875,-0.359005428925294911568499856002745218575000762939453125,0.038576426246722188284632437671461957506835460662841796875,1.077229714330446785908179663238115608692169189453125,0.86600285618107275542598699757945723831653594970703125,0.74377757379074871391111400953377597033977508544921875,-0.29090340416668636347452547852299176156520843505859375
-0.79833515112208097708190734920208342373371124267578125,-0.9541256841537910649009290864341892302036285400390625,0.64387035725085872694961608431185595691204071044921875,-0.127236095914210756152584735900745727121829986572265625,-0.39257786340894929022482529035187326371669769287109375,0.31239148504476987877609417409985326230525970458984375,-0.434021612789999899906234759328071959316730499267578125,-0.115171862597752194812272819035570137202739715576171875
0.46701212974423811363777758742799051105976104736328125,-0.36383978244025605430778114168788306415081024169921875,-0.26408693994727505671704648193554021418094635009765625,0.3552409398862763634241446197847835719585418701171875,0.105716886945641130868267509868019260466098785400390625,-0.46706898065329316427352068785694427788257598876953125,0.0555637921890958230708434939515427686274051666259765625,-0.1864783155447900797607729828087030909955501556396484375
0.79270421897492060470113983683404512703418731689453125,0.43344412828974332452247608671314083039760589599609375,0.358202537819783450867561214181478135287761688232421875,0.473588186023964408111197599282604642212390899658203125,0.280455039777382120202986470758332870900630950927734375,0.469300929703102165380101951086544431746006011962890625,0.551829971042412825710243851062841713428497314453125,0.28199922038879143837419860574300400912761688232421875
0.5586858568834387472890057324548251926898956298828125,0.665455990790551954461307104793377220630645751953125,0.01085782343595932675217596852235146798193454742431640625,-0.08356751212516423665821463373504229821264743804931640625,-0.29750355919851811936638341649086214601993560791015625,-0.167645143669270690889305797099950723350048065185546875,0.09488070059154317392735578096107929013669490814208984375,0.5490505991024858811755393617204390466213226318359375
0.496371074851285010165469202547683380544185638427734375,0.11655340046273103549179239735167357139289379119873046875,-0.74918823888429331159244384252815507352352142333984375,-0.576102017955772982560347372782416641712188720703125,-0.53752013195030190484402510264771990478038787841796875,0.278775656277851890951779978422564454376697540283203125,0.07285001189214186656517568962954101152718067169189453125,-0.1507663460104385622084777196505456231534481048583984375
0.300064637724206939584092879158561117947101593017578125,0.27241875872765219934734659545938484370708465576171875,-0.6909476239244458639632284757681190967559814453125,0.04906910430343010276477144770979066379368305206298828125,-0.56626412476486354119487032221513800323009490966796875,1.0620078549252871535912845502025447785854339599609375,0.05585931753931468179974473287074943073093891143798828125,-0.081503232228046285090528044747770763933658599853515625
-0.1091481366125393870358806225340231321752071380615234375,0.1615225934052675060836889997517573647201061248779296875,-0.5848421010661528640639517107047140598297119140625,-0.051643784013206787963934374374730396084487438201904296875,0.30753131312237347305682533260551281273365020751953125,-0.49396624487808515890918670265818946063518524169921875,0.41125941148098343891348349643521942198276519775390625,0.85701166130448225288773755892179906368255615234375
-0.58899298629223861833992259562364779412746429443359375,0.1745203590002034343964254503589472733438014984130859375,-0.300933894575037441665443793681333772838115692138671875,-0.1739411956558314376053431260515935719013214111328125,0.0433978211481223785650485069709247909486293792724609375,0.499579205820278815508572733961045742034912109375,0.1176052784805892426067686074020457454025745391845703125,0.894354107926781605186761225922964513301849365234375
-0.1309100505131280123283232796893571503460407257080078125,0.39435309415401131882816798679414205253124237060546875,-0.081759146679616534481027656511287204921245574951171875,-0.31585713778007507013256827121949754655361175537109375,-0.8158423374488379398172810397227294743061065673828125,-0.185899898362343496405202358801034279167652130126953125,-0.1782164581633829680828995378760737366974353790283203125,-0.80335345629068466433153616890194825828075408935546875
0.0065802217153281446215817851452811737544834613800048828125,0.88283830141063457386252366632106713950634002685546875,0.45320389186941867354363466802169568836688995361328125,0.378632103788789475817821994496625848114490509033203125,-0.00661930357209079313351995921266279765404760837554931640625,0.259944658116879778742003281877259723842144012451171875,-0.357587120269414027173837666850886307656764984130859375,-0.35416182763423009749459424710948951542377471923828125
-0.851693249924441175835454487241804599761962890625,0.1978427293795877728310728116412064991891384124755859375,-0.4643836745974658786195732318446971476078033447265625,-0.833532668997367220953265132266096770763397216796875,0.39519652523642612163001786029781214892864227294921875,0.07296824057833085908075787529014633037149906158447265625,-0.351134205129761511887664937603403814136981964111328125,-1.0582341815905087489824154545203782618045806884765625
-0.287168045969360630209621376707218587398529052734375,0.26975329390931346296156334574334323406219482421875,0.630864364316952919153891343739815056324005126953125,-0.64498685125782373450675777348806150257587432861328125,0.417552263047722804767403204095899127423763275146484375,-0.46336384170715139152463279970106668770313262939453125,0.316534282016147361371594115553307346999645233154296875,-0.42100459792131761371791753845172934234142303466796875
0.67562706555797447105504716091672889888286590576171875,0.16288214804550371628266702828113920986652374267578125,0.11168373920193079562590554587586666457355022430419921875,0.1760521859989943316282534624406252987682819366455078125,0.08850889691695391914283419509956729598343372344970703125,0.302801806733987266539998017833568155765533447265625,0.66893675555576237456989474594593048095703125,0.020807648244843691964778287228909903205931186676025390625
-0.0826515540526535918974815331239369697868824005126953125,-0.51298700821492648760369092997279949486255645751953125,-0.08847410848954302686752981799145345576107501983642578125,-0.64260086811214145452453294637962244451045989990234375,-0.10984864197017485398788494421751238405704498291015625,-0.05727248861967297599573356592372874729335308074951171875,0.11950839084767352071825285975137376226484775543212890625,-0.40996829501093767778030496629071421921253204345703125
-0.7182380388870999166073261221754364669322967529296875,-0.0696546022937804265584560425850213505327701568603515625,0.36677683846111530652223109427723102271556854248046875,0.2824127375297014186372734911856241524219512939453125,0.1662456271795871576291148130621877498924732208251953125,0.46895725000126453618776167786563746631145477294921875,-0.2089730489429804938250612167394137941300868988037109375,0.1428408361778665536245824796424130909144878387451171875
0.1004955028756252810584470580579363740980625152587890625,-0.5862517080768032684545687516219913959503173828125,0.350330565096400203817239571435493417084217071533203125,-0.65027509937302629960953481713659130036830902099609375,0.33116535727502849351111535725067369639873504638671875,0.436041640888876924631034626145265065133571624755859375,-0.452453409483496216125786304473876953125,0.480985312780649432173873947249376215040683746337890625
-0.80209502560327539111284522732603363692760467529296875,-1.0771322797913607249853384928428567945957183837890625,-0.5417676288872776968474909153883345425128936767578125,-1.0494977876789308712801584988483227789402008056640625,0.374198243915801531667142398873693309724330902099609375,-0.270025972572063122090213482806575484573841094970703125,0.41691901685115506648315886195632629096508026123046875,-0.36619252178502248451508194193593226373195648193359375
1.1838526859058691176329602967598475515842437744140625,-0.5719466804613404509183283153106458485126495361328125,0.57122883982195904462031421644496731460094451904296875,0.221667411884847898040362679239478893578052520751953125,0.92351309003478065928760543101816438138484954833984375,-0.132461082753718262239317482453770935535430908203125,-0.17388881922152332748510161763988435268402099609375,-0.0182193585714561269439659696445232839323580265045166015625
0.6093570863795463310452760197222232818603515625,0.4422891956095946763838355764164589345455169677734375,0.392901579940843570515340843485319055616855621337890625,0.5291535909205169474489593994803726673126220703125,0.147060470841183399404172860158723779022693634033203125,-0.482665420269718314916218560028937645256519317626953125,0.12639448316782109227318642297177575528621673583984375,-0.08267711829535988321548956037077005021274089813232421875
0.482862527580801115245634491657256148755550384521484375,0.6004604829139885691091649277950637042522430419921875,-0.07558060291917141626516496444310178048908710479736328125,0.09658945398122283088060413547282223589718341827392578125,0.68389739817136796506957807650906033813953399658203125,0.10422907870023685739102603520223055966198444366455078125,0.2311054226431830393995170425114338286221027374267578125,1.0191184871156979685480337138869799673557281494140625
0.07715080677907480699584397143553360365331172943115234375,-1.05813292067540221097488029045052826404571533203125,-0.862615249053059418571365313255228102207183837890625,0.0264704985784451514441162345292468671686947345733642578125,-0.1189786073000121680021123893311596475541591644287109375,-1.2970255129776189217949422527453862130641937255859375,0.420920532388589396788347585243172943592071533203125,-0.80977492893941793727918820877675898373126983642578125
-0.8198096735401738666126902899122796952724456787109375,-0.2840980538748099082368980816681869328022003173828125,-0.7784503886366405112084976281039416790008544921875,-0.468615609095619500834573045722208917140960693359375,-0.7634834918742097187305262195877730846405029296875,-0.72078439278155304048567586505669169127941131591796875,0.311382129311740196708768735334160737693309783935546875,-0.1040299625459540633354293959200731478631496429443359375
-0.16215562075133649333480434506782330572605133056640625,0.29219061683612446156388386953040026128292083740234375,0.163418861732919307172551270923577249050140380859375,-0.04477245199583664014841843936665100045502185821533203125,-0.365049261139893943539647125362535007297992706298828125,0.494805765565434985120418787118978798389434814453125,0.56560871752982844196111500423285178840160369873046875,0.42983350030948763720317629122291691601276397705078125
-0.2379012138082660376969812432434991933405399322509765625,0.656165904933790233855006590601988136768341064453125,0.5750494718924965553696893039159476757049560546875,0.06805903872454217851117874715782818384468555450439453125,-0.019211447667999016764017738978509441949427127838134765625,0.194466783168756263133758466210565529763698577880859375,1.06398434232516425623771283426322042942047119140625,-0.125664774682180124809605104019283317029476165771484375
0.09542378248439363497279686043839319609105587005615234375,-0.499955065481560989582021647947840392589569091796875,0.02530377808895471758443562748652766458690166473388671875,-0.378447260182725508936840697060688398778438568115234375,-1.19648062559324142029026916134171187877655029296875,0.2274575662289855804143456907695508562028408050537109375,0.452238305314638433518581450698547996580600738525390625,-0.411757296659587990195205975396675057709217071533203125
0.216912288248612361574174656198010779917240142822265625,-0.311863100747904298248869281451334245502948760986328125,0.1639682495589577515548995734206982888281345367431640625,-0.311821285671794845573145948947058059275150299072265625,-0.427519581965204176210448849815293215215206146240234375,0.1692619564840066870292645262452424503862857818603515625,0.46693736876506075628157077517244033515453338623046875,0.02297579648333010482463834023292292840778827667236328125
0.18280482331761105374567932813079096376895904541015625,-0.2171876276761767476930486964192823506891727447509765625,-0.0260195672861732764380437998852357850410044193267822265625,-0.2375116136793535559501577836272190324962139129638671875,-0.517710223158464710735415792441926896572113037109375,0.8113623802459659639652045370894484221935272216796875,-0.7800747333440860575848319058422930538654327392578125,-0.2490617697391011853280673449262394569814205169677734375
-0.342291184036496776155189536439138464629650115966796875,-0.2664100767953885284811121891834773123264312744140625,-0.68022280763726727936813176711439155042171478271484375,0.43468447639331919685190541713382117450237274169921875,-0.51104393174403173194519922617473639547824859619140625,-0.198610137382238149950097749751876108348369598388671875,0.406912481216029409125667370972223579883575439453125,0.9479058363833028355571741485618986189365386962890625
0.9702090659930775462527208219398744404315948486328125,0.0863023847877502359171586476804804988205432891845703125,0.04160820282768683264773557084481581114232540130615234375,0.2302981290750439058445664386454154737293720245361328125,0.266655561997151402398031905249808914959430694580078125,0.5463417330667079685468934258096851408481597900390625,-0.448061875695215661163928189125726930797100067138671875,0.639782578950143232532354886643588542938232421875
0.05520859479459920560184826854310813359916210174560546875,-0.6460442217966997358047365196398459374904632568359375,-0.1511361288579635975271031611555372364819049835205078125,0.45289576641861029049351827779901213943958282470703125,-0.1974672767846226972832113233380368910729885101318359375,-0.85202341640747736306593651534058153629302978515625,-0.61835040539148045102280093487934209406375885009765625,-0.1291787121889685086006949177317437715828418731689453125
-0.260194595644871518036467250567511655390262603759765625,-0.747488697316858630159686072147451341152191162109375,-0.410817907108923685566281847059144638478755950927734375,0.422492677395039539778309745088336057960987091064453125,-0.06137208155432487266534025138753349892795085906982421875,-0.54618265402672061537003855846705846488475799560546875,0.247519328010163131015275439494871534407138824462890625,-0.62709321540295126506947553934878669679164886474609375
-0.71362949242040230046768556348979473114013671875,0.9468071640458874949075607219128869473934173583984375,0.50513588286082988787484282511286437511444091796875,-0.62893907296806605966565939525025896728038787841796875,0.604935975370135992079667630605399608612060546875,0.384830275154149747951493054642924107611179351806640625,0.7661933381640526619094089255668222904205322265625,0.654179422287944678515714258537627756595611572265625
0.80551907139661527157414866451290436089038848876953125,0.142653600927785950691628613640205003321170806884765625,-0.161358835746227058383084340675850398838520050048828125,0.98848820507499024490272176990401931107044219970703125,1.2728389680556657648224927470437251031398773193359375,0.3341505085631137905721743663889355957508087158203125,0.143514378543575571445245486756903119385242462158203125,0.5771738267386112841705880782683379948139190673828125
0.441100631090279193813330493867397308349609375,1.04552356338888063902459180098958313465118408203125,-0.162110554513033633394769594815443269908428192138671875,-0.27611842128786101557835763742332346737384796142578125,0.137261365549483704828759300653473474085330963134765625,0.68676325314336139626902877353131771087646484375,-0.1276891724589123977562366007987293414771556854248046875,0.07624289484433720287537283866186044178903102874755859375
0.50932131491426890779194991409895010292530059814453125,-0.99725205738231859076137197916978038847446441650390625,1.3166882636563526087769560035667382180690765380859375,-0.37606927644747123462565241425181739032268524169921875,0.41666712792965909795128709447453729808330535888671875,0.752583156432664157620138212223537266254425048828125,0.38287133565627484710347516738693229854106903076171875,0.7820595460815045196767414381611160933971405029296875
-0.12467080952859012354938528233105898834764957427978515625,0.176147602122171231808778202321263961493968963623046875,-0.6268706524013436531816978458664380013942718505859375,0.217175818982253521216563285634038038551807403564453125,-0.68627479494563570217025016972911544144153594970703125,0.6505578813538683835560050283675082027912139892578125,-0.37082972614832987456878754528588615357875823974609375,-0.9750147537738655945105392675031907856464385986328125
0.00369583983411110074401850766889765509404242038726806640625,0.0174046821055741963990559639796629198826849460601806640625,-0.297274621052032894663597062390181235969066619873046875,0.4164043405782553719518546131439507007598876953125,-0.3364161160337513223339556134305894374847412109375,-0.09545265027287751224971401597940712235867977142333984375,0.06652604952582484576506516305016702972352504730224609375,0.056025171728684937388909048650020849891006946563720703125
-1.2078041038043323407435991612146608531475067138671875,0.89783559881831209725788767173071391880512237548828125,0.2213585889183552202208460357724106870591640472412109375,-0.04989479322050617560169172293171868659555912017822265625,-0.51581923019360420568091285531409084796905517578125,0.1371614819396926032712968890336924232542514801025390625,-0.85102656321283609575090167709277011454105377197265625,0.172034324656158810196160402483656071126461029052734375
-0.6086337096096496868113945311051793396472930908203125,-0.23379368647568166128536404357873834669589996337890625,0.51030804551930797341441348180524073541164398193359375,1.3425437886643916129969511530362069606781005859375,0.2109805616440784403753383458024472929537296295166015625,1.1107910005275929421486580395139753818511962890625,-0.4703622482778175850626212195493280887603759765625,-0.7083092998288484931634911845321767032146453857421875
0.042404312281063838430128498657722957432270050048828125,1.875963550153329162384352457593195140361785888671875,0.282215596204609842079236159406718797981739044189453125,0.08772919994219323391870801742697949521243572235107421875,0.3306088614272975068075766102992929518222808837890625,0.227929558764394635250738474496756680309772491455078125,0.8175308209371137113663507989258505403995513916015625,-0.69661907251219812309273038408719003200531005859375
1.092215818124013804180094666662625968456268310546875,-0.2410394084980080064983809506884426809847354888916015625,-0.67834043889802109195130697116837836802005767822265625,-0.101058743713840104572199152244138531386852264404296875,0.94512182325858240528049236672814004123210906982421875,-0.1559054023035882641234906031968421302735805511474609375,0.329124345667294593287266479819663800299167633056640625,-0.249465617649785753595637061152956448495388031005859375
0.258294995885397893342627639867714606225490570068359375,1.0475854470112666572134685338824056088924407958984375,0.017708395376732723180968065435081371106207370758056640625,-0.35013235855244106975447948570945300161838531494140625,0.110601544345119873202776261678081937134265899658203125,-0.39793631696070530523456909577362239360809326171875,1.43487460002841427098019266850315034389495849609375,0.51336920869940116940455254734843038022518157958984375
-0.358678844043094802174209689837880432605743408203125,-0.93639472857985450726658882558695040643215179443359375,0.2129844442345892596701872889752849005162715911865234375,0.052716604007566982004195921263089985586702823638916015625,0.8671468813767486683019569682073779404163360595703125,0.382882797646456107809598279345664195716381072998046875,-0.08962388057117497142112227948018698953092098236083984375,0.51194767904151772253129593082121573388576507568359375
0.53146089498085558044948584210942499339580535888671875,-0.6527645561509498595142986232531256973743438720703125,0.388943334878858626435516043784446083009243011474609375,-0.251385157319290619692964128262246958911418914794921875,0.453318660100740178364731036708690226078033447265625,-0.91274350321462172086484088140423409640789031982421875,0.88995387559994598714041558196186088025569915771484375,-0.35048495856203987219856799129047431051731109619140625
-0.004801625224456544833995241816637644660659134387969970703125,0.5613313214208321966225412325002253055572509765625,-0.5675115737308775720748599269427359104156494140625,-0.57312904116770979623396442548255436122417449951171875,0.362252906693627474421504075507982634007930755615234375,0.4134504204036304475522456414182670414447784423828125,-0.2033820116239105912914197915597469545900821685791015625,-0.43958594244762849712060415185987949371337890625
1.0902225759168955310229875976801849901676177978515625,-1.325934295841684207317712207441218197345733642578125,-0.3401706526574639344318029543501324951648712158203125,-0.1456415844001105741600810006275423802435398101806640625,0.51899152492030753425211742069222964346408843994140625,1.08007699640623311410081441863439977169036865234375,0.84799311002169497353264659977867268025875091552734375,-1.00786639397756605518452488468028604984283447265625
1.3550418363375715813390343100763857364654541015625,-0.0933786653340258065991719149678829126060009002685546875,0.80107440003150021112787726451642811298370361328125,-0.5172579002750878895966479831258766353130340576171875,1.309744261177651747374284241232089698314666748046875,-0.725334851520930801171971324947662651538848876953125,0.3413010320930711660736278645345009863376617431640625,0.30061110090341325307150555090629495680332183837890625
0.50856160107129966263528331182897090911865234375,0.2093408057923429599345155338596669025719165802001953125,-0.0226873429375328561352631595582352019846439361572265625,-0.37920493123449905414901195399579592049121856689453125,1.025573002308231007617678187671117484569549560546875,1.1765636153070289093847122785518877208232879638671875,0.263709625170920614056768727095914073288440704345703125,0.035696350363692126717030106419770163483917713165283203125
0.80197784103787250753470061681582592427730560302734375,0.5169736983391637341611613010172732174396514892578125,-0.35973796610796593409276056263479404151439666748046875,-0.41452364494036741948690405479283072054386138916015625,0.03405414161408452933255119887689943425357341766357421875,-0.365127201675951751358439878458739258348941802978515625,-0.269248780351428351753639844901044853031635284423828125,0.1824770904897647094689006053158664144575595855712890625
0.2255222626321203016619421077848528511822223663330078125,0.77776691676897458105344185241847299039363861083984375,-0.353098401272091688696264100144617259502410888671875,-0.260361908167495048616046915412880480289459228515625,0.36989648849737888358646387132466770708560943603515625,-0.10297610312247131025831237138845608569681644439697265625,-0.431547641954791949547853846524958498775959014892578125,0.72178510860794842241006108451983891427516937255859375
-0.2494020682637425323502355922755668871104717254638671875,-0.53810584007524708827219228624016977846622467041015625,0.26029085890984759998900699429214000701904296875,-0.440806645044629907825850523295230232179164886474609375,-0.349081156794102398510659668318112380802631378173828125,0.3443387490359623992475235354504548013210296630859375,0.032595833368224878812124956084517179988324642181396484375,-0.1718365414756160836073917153044021688401699066162109375