0.07301412232571947991122129906216287054121494293212890625
0.0870378022603607581775264634416089393198490142822265625
0.09424823774283573596388663418110809288918972015380859375
0.0790436123417981584271529982288484461605548858642578125
0.09277342837237805006633806215177173726260662078857421875
0.0790085821164428214746777712207403965294361114501953125
0.0728163981709969709843477403410361148416996002197265625
0.07963375531987658406674057687268941663205623626708984375
0.07531204004539097940362779581846552900969982147216796875
0.082623310097638569260425356333144009113311767578125
0.08995886677944320286570700773154385387897491455078125
0.095820416114982209787598321781842969357967376708984375
0.08342776970003164260791805872941040433943271636962890625