0.09296910099154905016138883411258575506508350372314453125
0.09098657914281964298464089324625092558562755584716796875
0.087138955822333719059002987705753184854984283447265625
0.08811421588155997353108972447444102726876735687255859375
0.09298660599864876086240172980978968553245067596435546875
0.0885078148217990634538665517538902349770069122314453125
0.10242524064062848154765816843791981227695941925048828125
0.099553941747316077037766035573440603911876678466796875
0.0866847052074728174897444432644988410174846649169921875
0.10050871560342826416256656330006080679595470428466796875
0.07460274784879362963696536326096975244581699371337890625
0.09818065714974720525898277401211089454591274261474609375
0.09962975377099771157052288117483840323984622955322265625
0.10887023265173088881763163726645871065557003021240234375
0.09303378680678035805851067152616451494395732879638671875
0.09826276259126119627662632183273672126233577728271484375
0.0837157024835844809640406083417474292218685150146484375