0.09779022641904015766822766408949973993003368377685546875
0.08371747092864727235461685950212995521724224090576171875
0.0988212920776349312834696547724888660013675689697265625
0.08056161790434257508053406127146445214748382568359375
0.10560716696500981048867373601751751266419887542724609375
0.1031699727801975996488437203879584558308124542236328125
0.07384924244631087264512103729430236853659152984619140625
0.08325956372591768184232563498881063424050807952880859375
0.1114714971786194552816340319623122923076152801513671875
0.11047167437720835370118521723270532675087451934814453125
0.09883968091228247099255810326212667860090732574462890625
0.11983982047308026908094547025029896758496761322021484375
0.0951775081480069340411631628739996813237667083740234375
0.09637465297384982532147290612556389532983303070068359375
0.111207201242070452540389169371337629854679107666015625
0.08679098623552654323543009695640648715198040008544921875
0.08358249311141409398917545559015707112848758697509765625