-0.4696047491508064108955977644654922187328338623046875
-0.033665110884817384118150584981776773929595947265625
-0.27884944241947062781861177427344955503940582275390625
0.18208179405605207090701469496707431972026824951171875
0.0946858409746443585586206381776719354093074798583984375
0.2962216539802096093580985325388610363006591796875
0.04064866728186657118815361400265828706324100494384765625
0.226411153785432361917884236390818841755390167236328125
-0.254113175299205573676175617947592400014400482177734375
0.129266662965749012936811368490452878177165985107421875
-0.26807032940186570346696726119262166321277618408203125
0.2177891484089524432032902723221923224627971649169921875
-0.313348519334483210929676033629220910370349884033203125
-0.2435994116036886703025032829827978275716304779052734375
-0.301991318130779007322672669033636339008808135986328125
-0.08336082373177632065530673344255774281919002532958984375
0.232124143405188554378781873310799710452556610107421875