0.0208265021487606429018146769749364466406404972076416015625
-0.0000599155019304220486206676021812000954014365561306476593017578125
-0.0026866286035648338954839875469815524411387741565704345703125
-0.015735437628892338934871730771192233078181743621826171875
-0.00824476357025724464200333585495172883383929729461669921875
0.004736816565769109976802297978792921639978885650634765625
0.01030058185033082794601622111940741888247430324554443359375
0.006072765125737000606320759032996647874824702739715576171875
-0.00618318534554506034350840337765475851483643054962158203125
0.0052429893390380129247763107969149132259190082550048828125
0.000428940788093989315392373651292245995136909186840057373046875
0.0217371875755640285576841819192850380204617977142333984375
0.0100197981464834572074007468245326890610158443450927734375
0.0096796176772129850773840331612518639303743839263916015625
-0.00852847210223921757543674715407178155146539211273193359375
0.0130232287756575741688447322985666687600314617156982421875
0.017964669965506281645861719198364880867302417755126953125
-0.00063292287498124930218701411632764575188048183917999267578125
0.00010601258132167013675285771601153328447253443300724029541015625
0.005858313192770866519032413322065622196532785892486572265625
0.0195992378609448868187481451741405180655419826507568359375
-0.0044266376107706777165429201659208047203719615936279296875
0.0087709233127752951608702147723306552506983280181884765625
-0.00816505895663629209513256768104838556610047817230224609375
0.00885843653503100118828950115812403964810073375701904296875