-0.384295796860560978647214369630091823637485504150390625
0.16433081894417911339445481644361279904842376708984375
0.273384434538373410905620630728662945330142974853515625
-0.1459892204990995423496968896870384924113750457763671875
-0.050949641230311808193231826180635835044085979461669921875
0.08060404331228394891883937134480220265686511993408203125
-0.1603210685445451144648387753477436490356922149658203125
0.1309540481904676034741186185783590190112590789794921875
0.074452440074860348762086914575775153934955596923828125
0.1629919639422274524331868406079593114554882049560546875
-0.0977648245444354968558542395840049721300601959228515625
-0.20541696414878718446317407142487354576587677001953125
-0.329003803309882325578428208245895802974700927734375
0.02356130542543406758415613921897602267563343048095703125
0.300755527931417743214836946208379231393337249755859375
-0.105772889148256277191961771677597425878047943115234375
-0.07527864602079892275554584557539783418178558349609375