0.04424125446079645029850979653929243795573711395263671875
0.0405203969359758386925562945179990492761135101318359375
0.045543048257642236575915006824288866482675075531005859375
0.046220695096331428086688930534364772029221057891845703125
0.041527209294006495188256167239160276949405670166015625
0.0419523757629394200563410777249373495578765869140625
0.04041098330538438199166506592518999241292476654052734375
0.043788001141253952985810116160791949369013309478759765625
0.04319254021251318909069283336066291667520999908447265625
0.043138208989046807062539556909541715867817401885986328125
0.045967833654632271611628624441436841152608394622802734375
0.0455129711632052125214187299206969328224658966064453125
0.043010950144405070416642189456979394890367984771728515625
0.043859380172960350796618200774901197291910648345947265625
0.0418659017174164704844230300295748747885227203369140625
0.04252029661387661529925452441602828912436962127685546875
0.0427954715030503252126692359524895437061786651611328125
0.045377053222721640268755294300717650912702083587646484375
0.041924503579512328865774861696991138160228729248046875
0.04603510060495834277372040332920732907950878143310546875
0.04497977891411479578476217966453987173736095428466796875
0.043342688973440901545330916633247397840023040771484375
0.043355654974267417156585935344992321915924549102783203125
0.03991991545488048076517628715009777806699275970458984375
0.043762547481408765881472078262959257699549198150634765625