0.01514719724617986755521581443417744594626128673553466796875,0.012266931456579678594298599136891425587236881256103515625,0.015329704322824343198927721232394105754792690277099609375,0.0185724282140452938427710449786900426261126995086669921875,0.0168153900113172383168347323589841835200786590576171875,0.01397047961839129569250328444240949465893208980560302734375,0.0130981755088701475042700650419646990485489368438720703125,0.01464475746231791615514783444496060837991535663604736328125
0.01670485806548593910036970555665902793407440185546875,0.01802235810420967088152366386566427536308765411376953125,0.0168984429660158086416998912682174704968929290771484375,0.0151216973157433549890260593429047730751335620880126953125,0.01328752944413208285368011019045297871343791484832763671875,0.0169477738606004756094502994301365106366574764251708984375,0.01526546864671963175952296154491705237887799739837646484375,0.01516395620573241821704701948192450799979269504547119140625
0.01702962000252405960765145209734328091144561767578125,0.0176230527379796671205713920471680467016994953155517578125,0.0141563863788310463631692215358270914293825626373291015625,0.01486108281533260640216997927609554608352482318878173828125,0.016050105308490304756308120204266742803156375885009765625,0.0188140789777467253018894410843131481669843196868896484375,0.0163884369453457245935368291611666791141033172607421875,0.01444078825866313038617239072891607065685093402862548828125
0.017399101581227906232474111902774893678724765777587890625,0.0139226316957570574184277489848682307638227939605712890625,0.01116202592697925106979273124352403101511299610137939453125,0.01459836529829821975823289648133140872232615947723388671875,0.0113620308542007851515531768882283358834683895111083984375,0.0168313238613555203604388310623107827268540859222412109375,0.01340657159581992198538191729539903462864458560943603515625,0.01356798298785090971241285018322741962037980556488037109375
0.016082254464788135750463737849713652394711971282958984375,0.017917265805636163611413991247900412417948246002197265625,0.0176070954995357180361548188329834374599158763885498046875,0.0144108615701000440656454060217583901248872280120849609375,0.0133269212121638301604686915879938169382512569427490234375,0.01216179915235209886559264447214445681311190128326416015625,0.01218463443066554637017606665949642774648964405059814453125,0.01484257204273605433575422551939482218585908412933349609375
0.01263137853203829229220556129575925297103822231292724609375,0.01292051320840857144001123657517382525838911533355712890625,0.0149279804943356735058568318663674290291965007781982421875,0.01306707710951016641887090230511603294871747493743896484375,0.015511712411931423416522335401168675161898136138916015625,0.018830771098435887533906196722455206327140331268310546875,0.014438145360005767703359680353969451971352100372314453125,0.012349295846983458779799747162542189471423625946044921875
0.0115107462960655319850200584141930448822677135467529296875,0.01245943789364723115753452731269135256297886371612548828125,0.01727295585292758228757037386458250693976879119873046875,0.0146154593568483641419231133795619825832545757293701171875,0.015986776483075275379075463888511876575648784637451171875,0.0157933373451611507032321668475560727529227733612060546875,0.01509005141256217034928521769643339212052524089813232421875,0.0189407256679765302609386168342098244465887546539306640625
0.01542782565674049276294166332945678732357919216156005859375,0.0134762560460332629641566626332860323600471019744873046875,0.016019501169567886000866252516061649657785892486572265625,0.0193304439132016524227619669318301021121442317962646484375,0.013327669658723957646362379136917297728359699249267578125,0.01492243547095656493184367974436099757440388202667236328125,0.0171839862030329880437928835590355447493493556976318359375,0.01462274351515285668312582600947280297987163066864013671875
0.01202512126773509944233087054499264922924339771270751953125,0.01262596675005991063434063192971734679304063320159912109375,0.01370853409172370813984276338715062593109905719757080078125,0.01442346017160804801104934114164279890246689319610595703125,0.0094443469457446728443361649851794936694204807281494140625,0.015510742945306028872654025008159806020557880401611328125,0.012374389817446575234871630755151272751390933990478515625,0.016306868639739423298973264309097430668771266937255859375
0.01491001286537763960426961062921691336669027805328369140625,0.01387418401650021039517302057220149436034262180328369140625,0.018915864982278006445337581453713937662541866302490234375,0.01575440697239727239065132380346767604351043701171875,0.01465728408975879026865385412747855298221111297607421875,0.01510458365787903205201825329595521907322108745574951171875,0.01449485691318363848878458810531810740940272808074951171875,0.01187844296735012482313376125375725678168237209320068359375
0.014936747781510960331186055327634676359593868255615234375,0.0124873292765409031612744428230143967084586620330810546875,0.01417932033437570467360178128046754864044487476348876953125,0.014746596756013911899696466889508883468806743621826171875,0.01457213009867497181815121365389131824485957622528076171875,0.0146124203096892509023962958281117607839405536651611328125,0.01401434056824558960219206937836133874952793121337890625,0.0159411337755966421581010905583752901293337345123291015625
0.0157051887699937060827171109167466056533157825469970703125,0.01334071628313136977095343382870851201005280017852783203125,0.01496676904617231899929929994641497614793479442596435546875,0.017676061111786135759960103541743592359125614166259765625,0.0168702925141794961294561261411217856220901012420654296875,0.01277024628833799135829707438460900448262691497802734375,0.016524245920956304178872642296482808887958526611328125,0.01334695348801426782736623266600872739218175411224365234375
0.0158426230897717561230120253412678721360862255096435546875,0.0160392221386879106626022206683046533726155757904052734375,0.01416871277534329474911967139405533089302480220794677734375,0.018451202711320037475051236697254353202879428863525390625,0.01660577042812323711462596520505030639469623565673828125,0.01503817511015369777493955183444995782338082790374755859375,0.0168297432315239435529630185328642255626618862152099609375,0.0169511190931162965267464670660046976990997791290283203125
0.017486277700421208602943323739964398555457592010498046875,0.01360965201534139641659226782621772144921123981475830078125,0.015926941331963380410474684367727604694664478302001953125,0.016717957085238967229745554732289747335016727447509765625,0.0156199849516678417049586613529754686169326305389404296875,0.0133473625495074653402038933336370973847806453704833984375,0.01300534188351687610307738651727049727924168109893798828125,0.0142947957145600941519791859946053591556847095489501953125
0.01345620862634090697529387625763774849474430084228515625,0.01172885962000198845078813292275299318134784698486328125,0.01396124587549066146940912602758544380776584148406982421875,0.013975514600709885992824155209746095351874828338623046875,0.013501067178114445344050409403280355036258697509765625,0.0147066321798602246684328775927497190423309803009033203125,0.01275311322049170470460666138023952953517436981201171875,0.01287007894577473464392536328659844002686440944671630859375
0.0147546077692558320892945999958101310767233371734619140625,0.01834743518768479353386879893150762654840946197509765625,0.0169022053631489692360201360088467481546103954315185546875,0.0159355166008574751501658539609707077033817768096923828125,0.0133586763183219763007070213234328548423945903778076171875,0.01360848154331264527050482371350881294347345829010009765625,0.01816156354248753268532112770117237232625484466552734375,0.0139091976917645500366749189424808719195425510406494140625
0.01465311475806427461698877579010513727553188800811767578125,0.01340769627629843051275226883944924338720738887786865234375,0.01372837197601937432589469523236402892507612705230712890625,0.01407857984738603018826097468263469636440277099609375,0.01400060559841875655606724393464901368133723735809326171875,0.014930895752988594671339939168319688178598880767822265625,0.0165088309542256173045871037174947559833526611328125,0.01177437482350640433892419167705156723968684673309326171875
0.0175281792383757580033876166680784081108868122100830078125,0.0146012068250376374212162744470333564095199108123779296875,0.015797640161633576261213107727598981000483036041259765625,0.018637718665309423171638769645142019726336002349853515625,0.01318991814472911076883132608372761751525104045867919921875,0.01329633525233560320533143794818897731602191925048828125,0.0156259130277833328814818258933883043937385082244873046875,0.01361541394752888677055491228884420706890523433685302734375
0.01330022871018778085616673934055143035948276519775390625,0.01631281780522954305556737608640105463564395904541015625,0.00945804787467842411619045606130384840071201324462890625,0.0161714719755600179473820077191703603602945804595947265625,0.015444336952220860670337287956499494612216949462890625,0.010450719345860622067068135265799355693161487579345703125,0.0173039884059373559599404046593917883001267910003662109375,0.014875765042909057378484050104816560633480548858642578125
0.017175766408658664496922341413664980791509151458740234375,0.0169262348848662202982495728065259754657745361328125,0.013285581392840757619655533972036209888756275177001953125,0.007651601685933282458174087281577158137224614620208740234375,0.01284214614134285455115946916748725925572216510772705078125,0.0123424085085826786001295118921916582621634006500244140625,0.0162536277831725091413961337138971430249512195587158203125,0.018578512582454742574356032491778023540973663330078125
0.01340188785324073796056953966626679175533354282379150390625,0.0140885607645537432042193159986709360964596271514892578125,0.0122939512410044048118518134060650481842458248138427734375,0.01546934719973861414865634600346311344765126705169677734375,0.018171493097283671069863686398093705065548419952392578125,0.0163860363645276889410506981903381529264152050018310546875,0.01636642747108583983983720600008382461965084075927734375,0.0145510207143677294805428346080589108169078826904296875
0.0173647016783984899090942377597457380034029483795166015625,0.012057969888582265038934338008402846753597259521484375,0.0126795985593794076351503719024549354799091815948486328125,0.01533691435157905937070044188885731273330748081207275390625,0.017077479590576871704143968599964864552021026611328125,0.01546130108948335322993639096011975198052823543548583984375,0.0170555783330223857674479148727186839096248149871826171875,0.01673858723702030537605622839691932313144207000732421875
0.01484111646553421502703340451034819125197827816009521484375,0.0160154687772654687194506806235949625261127948760986328125,0.0172013960864196811806348108575548394583165645599365234375,0.016616223754669152967711198698452790267765522003173828125,0.01371199673059080199888359885562749695964157581329345703125,0.0170794362222630620451457872377432067878544330596923828125,0.0171569208917686268078828248917488963343203067779541015625,0.01518354471481783186936898033536635921336710453033447265625
0.01601943268910850648456545286535401828587055206298828125,0.01351299701632801587847243496298688114620745182037353515625,0.01327971300852972581785227390582804218865931034088134765625,0.0176220022595491125627642503559400211088359355926513671875,0.0195848529387459592554510123818545253016054630279541015625,0.0161812281847342996632388434363747364841401576995849609375,0.016310479122672048857278781497370800934731960296630859375,0.017964184653932256663377842187401256524026393890380859375
0.0122030901127082001822454770945114432834088802337646484375,0.01433074320763105639897627696655035833828151226043701171875,0.018335076390215088171231627711676992475986480712890625,0.016636030912944577142553725934703834354877471923828125,0.017627865556305473415665829861609381623566150665283203125,0.0160427785223695058836046456463009235449135303497314453125,0.0172931523989653113115849691894254647195339202880859375,0.0176006828841490381432066669731284491717815399169921875
0.015521517018165807699769942473722039721906185150146484375,0.0169135047043509172126629636068173567764461040496826171875,0.015059314910381704777364575420506298542022705078125,0.0137716516472204779375498873150718281976878643035888671875,0.01263159372206762269541524545957145164720714092254638671875,0.0178448537991609361419431678541513974778354167938232421875,0.0171201188240292685727172994347711210139095783233642578125,0.01392377617282967473821830850511105381883680820465087890625
0.0176964903579326683635830619323314749635756015777587890625,0.012582493341351176641129683275721617974340915679931640625,0.016555490964609502479998326407439890317618846893310546875,0.01422827712836188980560780947826060582883656024932861328125,0.0117921732150941711847469406393429380841553211212158203125,0.0135762032401125463942914706194642349146306514739990234375,0.016949896480755670402640333804811234585940837860107421875,0.016694957997723684772761743033697712235152721405029296875
0.0144956334397195706065186726618776447139680385589599609375,0.01408208121520104945390006179195552249439060688018798828125,0.0177425153528490454901689332700698287226259708404541015625,0.0166733033104159676651701005312133929692208766937255859375,0.014844610522744793035254673441158956848084926605224609375,0.0181393689756645555555270021841351990588009357452392578125,0.017665286769056300075764198709293850697576999664306640625,0.01461923219340167945379249658799380995333194732666015625
0.011543650377461224521002947085435152985155582427978515625,0.01548897319730487866229484694713391945697367191314697265625,0.01820954244919924247536613393094739876687526702880859375,0.01532205027835417156245600978081711218692362308502197265625,0.01580614944175347258426000962572288699448108673095703125,0.0171024644859938124152876071093487553298473358154296875,0.01712155346905204489349472396497731097042560577392578125,0.0170921159778972021892062826964320265688002109527587890625
0.0160187046528661551636485427252409863285720348358154296875,0.01436342721197896542262295582759179524146020412445068359375,0.01117376555827345914473358590157658909447491168975830078125,0.019662253069175954223180013968885759823024272918701171875,0.0160293259194746774698447921991828479804098606109619140625,0.01431380989619676809276871409792875056155025959014892578125,0.0153436847830733767705790882018845877610146999359130859375,0.01417453051842039457586253092813421972095966339111328125
0.01005803761895065172315977264361208654008805751800537109375,0.01314044649920449725488680314811062999069690704345703125,0.0176769307623989950506437907051804359070956707000732421875,0.01730881071013339045361334456174517981708049774169921875,0.0128002380764528390921785927503151469863951206207275390625,0.01741401284419703821004787869242136366665363311767578125,0.017443872221423260826522749766809283755719661712646484375,0.0164202904377631596355424647981635644100606441497802734375
0.01652921778547429554340197910278220660984516143798828125,0.01501133902632922380304680842755260528065264225006103515625,0.0160224378372055102637272483434571768157184123992919921875,0.0192742729921369891632476623044567531906068325042724609375,0.017902080777529937039016516564515768550336360931396484375,0.01395224664892913586655698310323714395053684711456298828125,0.019556914160575179784107291425243602134287357330322265625,0.01543750578772802410643105730514434981159865856170654296875
0.0188534914898925709536570138880051672458648681640625,0.0190551272763738697990643089497098117135465145111083984375,0.0197901799424435274887823510425732820294797420501708984375,0.012434563213350575960891575277855736203491687774658203125,0.0170503831094263903767060952532119699753820896148681640625,0.0139669965789952950363517203413721290417015552520751953125,0.01535012223006997945928819859773284406401216983795166015625,0.01429413513710796508615619160309506696648895740509033203125
0.01198582070355397148631038106714186142198741436004638671875,0.0169195550827847644714818642341924714855849742889404296875,0.01236707587746771648540278221162225236184895038604736328125,0.017261324972882054196166023984915227629244327545166015625,0.016184377188710415140793230648341705091297626495361328125,0.01408774460640391419652406312934544985182583332061767578125,0.01544430726641177371860624845112397451885044574737548828125,0.01304184978859873091094900843245341093279421329498291015625
0.01731814186059688065455475225462578237056732177734375,0.014414215892764016546667704687934019602835178375244140625,0.0155743728424522220876724531990475952625274658203125,0.009978457857175271339400524084339849650859832763671875,0.01496993081165620860517595502869880874641239643096923828125,0.0159280754843476625437492799619576544500887393951416015625,0.012243224487073288420102556983692920766770839691162109375,0.01336560144004513527027366848187739378772675991058349609375
0.018739941433954875049661126240607700310647487640380859375,0.0165349974717620105957305298716164543293416500091552734375,0.0160415668449106312010155050984394620172679424285888671875,0.0178283772129717958676575761955973575823009014129638671875,0.01438335355664626009908335646514387917704880237579345703125,0.01657178745030539468441332928705378435552120208740234375,0.01436109491611585464720945992667111568152904510498046875,0.01381787396564377635999054660942420014180243015289306640625
0.01225781501997917459501064030291672679595649242401123046875,0.0149685531845812659634820107612540596164762973785400390625,0.016747687567124518170924574178570765070617198944091796875,0.018327116801960800784865313062255154363811016082763671875,0.014267734661731902578996056263349601067602634429931640625,0.01194978394981884885217571223847699002362787723541259765625,0.0186763462373694087703679400647160946391522884368896484375,0.0162642123334426312586398211124105728231370449066162109375
0.01354084774267473069431222398861791589297354221343994140625,0.0159417287296607472490972412515475298278033733367919921875,0.01522707012789924728435320133712593815289437770843505859375,0.01516694507595905440366923500050688744522631168365478515625,0.016239689857898594038676520767694455571472644805908203125,0.013554602806767894473960467394135775975883007049560546875,0.0146119782665611909477920704603093327023088932037353515625,0.01353067777848034058951753877408918924629688262939453125
0.01313246476218259649326736138164051226340234279632568359375,0.0198628293615646100978011645565857179462909698486328125,0.017213654380699432155932271371057140640914440155029296875,0.01312192661093266633776099894248545751906931400299072265625,0.01060041568969380225417875607263340498320758342742919921875,0.0153707209696681557087316605247906409204006195068359375,0.01482233299932500698858905963106735725887119770050048828125,0.018424785461708538536473866997766890563070774078369140625
0.014868665296115725349412883815602981485426425933837890625,0.016070017507442781179438640037915320135653018951416015625,0.0157068186815685593982205858765155426226556301116943359375,0.01164123111611932437359229197681997902691364288330078125,0.01564557234756601411529430833979859016835689544677734375,0.0121311806115554643437093318425468169152736663818359375,0.01793679520778153346771688347871531732380390167236328125,0.015634020509989333957978629996432573534548282623291015625
0.012278280115366975444590735833116923458874225616455078125,0.01521151245599695889243463398088351823389530181884765625,0.0177902964954273178077581718525834730826318264007568359375,0.0183412584638003341164225190595971071161329746246337890625,0.0158163950182475497585610213491236208938062191009521484375,0.01752334814288748765509495797232375480234622955322265625,0.0170217923854474352529653202736881212331354618072509765625,0.016072959016236752771700224684536806307733058929443359375
0.01209050275189404131948034404331338009797036647796630859375,0.016884030265871541320876758618396706879138946533203125,0.01271359474536182428139330369276649435050785541534423828125,0.0160293361880167080368853049776589614339172840118408203125,0.016562478735424178422075414118808112107217311859130859375,0.0165012202220856142587113168929136008955538272857666015625,0.0183423968787661574586511648021769360639154911041259765625,0.01677782216097399581311577776432386599481105804443359375
0.01283828888689504503506366717147102463059127330780029296875,0.0117067337874518749563090835863476968370378017425537109375,0.01423193251198245391775376589293955476023256778717041015625,0.01557158815906459041478182570017452235333621501922607421875,0.0140026825025405428359892567868882906623184680938720703125,0.01661904168699053496727202627880615182220935821533203125,0.0125647783472138153959551942762118414975702762603759765625,0.01381739961428818906641335928497937857173383235931396484375
0.019870516258490733552122264882200397551059722900390625,0.012393372548638793839703708954402827657759189605712890625,0.01210874491755163824546759343547819298692047595977783203125,0.0180104077667359308012606788906850852072238922119140625,0.01523393157339248370207851479563032626174390316009521484375,0.0126990108907577455010784461819639545865356922149658203125,0.01440357252441731329695162600046387524344027042388916015625,0.016501852589379674418612609088086173869669437408447265625
0.014488697566112672399096794606521143577992916107177734375,0.0149774214982288898789786202314644469879567623138427734375,0.0129472581581443167697553775496999151073396205902099609375,0.01701610217721356843600943875571829266846179962158203125,0.018452222277598427646605472318697138689458370208740234375,0.0133155836024521044558266424928660853765904903411865234375,0.019135328366251258547237057427992112934589385986328125,0.0170003128731873488777015523965019383467733860015869140625
0.01542162927208128204992210186219381284900009632110595703125,0.0186718432480154940267258467656574794091284275054931640625,0.017071344849187063130724339998778305016458034515380859375,0.01238699164205993123732962857275197166018187999725341796875,0.01458789240476031368043408065204857848584651947021484375,0.01311576297237793641004000022576292394660413265228271484375,0.0151682741196111602055562883606398827396333217620849609375,0.0138477926018304269006886642046083579771220684051513671875
0.012668347327826630366320870280105737037956714630126953125,0.014953074464241523922058973994353436864912509918212890625,0.01116619327354977271593572396568561089225113391876220703125,0.0177157289887786874305053430589396157301962375640869140625,0.01487258757735207027883550523483791039325296878814697265625,0.01429898628878191989277635087773887789808213710784912109375,0.01541213815902835355953204299339631688781082630157470703125,0.01312528753901026114248029585951371700502932071685791015625
0.01560153003059209543545993170710062258876860141754150390625,0.0161437655210099097191633887860007234849035739898681640625,0.01341543872533727289886318345679683261550962924957275390625,0.018192342265187726180197813619088265113532543182373046875,0.01524392547006696296829630909996922127902507781982421875,0.0171275342517820290677565964188033831305801868438720703125,0.0184672838533426475482457362886634655296802520751953125,0.016189092684289037304967706631941837258636951446533203125
0.01494426782064235507963001481357423472218215465545654296875,0.01514892761270008637863870859519010991789400577545166015625,0.0171780284976407217334415378218182013370096683502197265625,0.01501989524343001584927304037364592659287154674530029296875,0.01880745273597379807473117807603557594120502471923828125,0.01346067290356962875552682135094073601067066192626953125,0.0169031154638301615855677795252631767652928829193115234375,0.0164765509248243659234933744528461829759180545806884765625
0.0168718722749286974271765160438008024357259273529052734375,0.012609865738296512083227440825794474221765995025634765625,0.01315584658445438474838606879302460583858191967010498046875,0.01438462423350997214377411381747151608578860759735107421875,0.0172303869263486127139106685035585542209446430206298828125,0.018156275099397024830327751487857312895357608795166015625,0.0122828160014790584153576702419741195626556873321533203125,0.0177705944035335232367156521604556473903357982635498046875
0.0153415259413375547337121673763249418698251247406005859375,0.0123320569591727803582248412794797332026064395904541015625,0.01464998100716098476670179451275544124655425548553466796875,0.01301973634203988476609747948486983659677207469940185546875,0.0188146447491559509757053092471323907375335693359375,0.01629688658088417063662944883617456071078777313232421875,0.0169910442886529421124830463440957828424870967864990234375,0.01217999434990202183015650660991013864986598491668701171875
0.0157387168712579787743788273246536846272647380828857421875,0.015246440098537948626411520081092021428048610687255859375,0.014067490005301254429870283502168604172766208648681640625,0.0165302247114919309556313464781851507723331451416015625,0.01574036857988574122924063658501836471259593963623046875,0.01464955864516693552490611551775145926512777805328369140625,0.01460443606945899426563517664590108324773609638214111328125,0.016505859454452563583881641307016252540051937103271484375
0.0148046334975326619731728072792975581251084804534912109375,0.0133197131190717389659372571486528613604605197906494140625,0.015918900424710190344423921260386123321950435638427734375,0.017066103720092144768738506854788283817470073699951171875,0.015121968797526676164810766067603253759443759918212890625,0.015517934586217585479772651524399407207965850830078125,0.01522359400147168216610449320569387055002152919769287109375,0.0160638434497324990302136171749225468374788761138916015625
0.017030032559215084464465661540089058689773082733154296875,0.0140633334235090619313002235912790638394653797149658203125,0.016747499378272016901103569352926569990813732147216796875,0.0174049538474488167671960781035522813908755779266357421875,0.0158278520814767419133684001053552492521703243255615234375,0.0173266832060668431181316151423743576742708683013916015625,0.0167906932022690337513726177576245390810072422027587890625,0.016286261037620798630687346530976356007158756256103515625
0.01182572916404815710489373259406420402228832244873046875,0.01415806583592845065144860683403749135322868824005126953125,0.0178779429034761939976139188956949510611593723297119140625,0.015906242559203760678077088641657610423862934112548828125,0.0163362469614456717881267877601203508675098419189453125,0.01156181112921973903884254042395696160383522510528564453125,0.0135797309021590574540372386991293751634657382965087890625,0.01294898292091566267825175629013756406493484973907470703125
0.0160516000116591485424866192488480010069906711578369140625,0.00978525617396309999040937555037089623510837554931640625,0.0170276985883601426896571950919678783975541591644287109375,0.01624851307069895278711868513710214756429195404052734375,0.01450144609738671271081944524894424830563366413116455078125,0.0168620871867278497580056040305862552486360073089599609375,0.0159820431125396213156708569158581667579710483551025390625,0.0139034083304049628504461821876247995533049106597900390625
0.01367531861674347280766195211754165939055383205413818359375,0.016935391479150095628281036397311254404485225677490234375,0.01330884499093003270342450150565127842128276824951171875,0.01283238769315287082506404914283848484046757221221923828125,0.0159344067863049047850676487314558471553027629852294921875,0.0157505714828955166451063263366449973545968532562255859375,0.0153497121467651466419912509309142478741705417633056640625,0.01433528923320757757220444972290351870469748973846435546875
0.01545846503894361678721480757303652353584766387939453125,0.0178106120763931556616466167497492278926074504852294921875,0.0186207230594643106946772803667045081965625286102294921875,0.0182713253168721202757129873361918726004660129547119140625,0.01272315029016522942850730970576478284783661365509033203125,0.01356037793434584741436577104423122364096343517303466796875,0.013431738584583408080419530961080454289913177490234375,0.013592122310030686771487040687134140171110630035400390625
0.016924988841483919188579676529116113670170307159423828125,0.014675174430776892486871787468771799467504024505615234375,0.0169383243844316855319931391932186670601367950439453125,0.0167986451693465099754831726386328227818012237548828125,0.01851638128040800079787686627241782844066619873046875,0.012862290135344511821102742032962851226329803466796875,0.0132948630515949961505839382880367338657379150390625,0.01227467093574170255154687225740417488850653171539306640625
0.016310852073193209121892977009338210336863994598388671875,0.0174810816312809223782576140138189657591283321380615234375,0.0120903678713199340399864212258762563578784465789794921875,0.0168831298163283592683736600292832008562982082366943359375,0.01509697945527181672797922828976879827678203582763671875,0.0163500585942587366161671269537691841833293437957763671875,0.01536239740513267205967995465698550106026232242584228515625,0.0146311675222648811256487277887572417967021465301513671875
0.01237374277177545438266559330031668650917708873748779296875,0.016974014201649602340271627554102451540529727935791015625,0.01523991281082769100319040944668813608586788177490234375,0.0157541161524354690615101759476601728238165378570556640625,0.014230020138232657433974281957489438354969024658203125,0.014115412907291534361231555294580175541341304779052734375,0.0170552840480204422057841640025799279101192951202392578125,0.015507337479525491741316756133528542704880237579345703125