0.002241579792261611837889123677314273663796484470367431640625
0.0110194157637142735317592467936265165917575359344482421875
-0.00052396150819182551496011601699365201056934893131256103515625
0.00973812691384911936764989803805292467586696147918701171875
0.00884330387786384786164006754916044883430004119873046875
-0.0026367397113309849233930837186790085979737341403961181640625
0.0189999934080908629285833200128763564862310886383056640625
0.01013986179144604933555218195806446601636707782745361328125
0.0013377322158087505410417605844486388377845287322998046875
-0.002419172699328474285263013143776333890855312347412109375
0.006244301989977207693882643724236913840286433696746826171875
0.002720955130515613669406338459566541132517158985137939453125
0.017575354442004594013315710299139027483761310577392578125
0.0193539712239513585212424828796429210342466831207275390625
0.00970384128319177162447228823793921037577092647552490234375
0.0095556791224036714826883809337232378311455249786376953125
-0.0018960856057271100079397729842867192928679287433624267578125
0.0060298281792474407725368479304961510933935642242431640625
0.00120007635237095078468982922714758387883193790912628173828125
0.0028443859538521657111254103966757611487992107868194580078125
0.00175751147245420077415423154576501474366523325443267822265625
0.0096266573338978540796961880232629482634365558624267578125
0.008614603854582895958724719776000711135566234588623046875
-0.003247535434402156785671511585178450332023203372955322265625
0.01356433258154185646227052330914375488646328449249267578125