0.06613389004578022756231092671441729180514812469482421875
0.06689986507758859113348393066189601086080074310302734375
0.06338195135947165270717817975310026668012142181396484375
0.06554815304138307541226282637580879963934421539306640625
0.0684182284956703357092777650905190967023372650146484375
0.0655542223690945835556931342580355703830718994140625
0.0538001299202154059653224749126820825040340423583984375
0.06440934723699361097448701229950529523193836212158203125
0.07459563193094605193511625884639215655624866485595703125
0.071303275576621583109471202988061122596263885498046875
0.06711208866167685249681795767173753120005130767822265625
0.076376105795157245292870129560469649732112884521484375
0.069230007082952293995248282953980378806591033935546875
0.062646172150437828829439013134106062352657318115234375
0.06874325951952543756195979085532599128782749176025390625
0.06468459837317376559528980806135223247110843658447265625
0.0654308786506900552648602342742378823459148406982421875