0.0156419998777003431411625200553316972218453884124755859375,0.043301146331462446459337201076778001151978969573974609375,0.0172235690207176751764794886412346386350691318511962890625,0.033749750988159077369488159092725254595279693603515625,0.0310022361584267706902107164523840765468776226043701171875,0.01097829845365892557917941729783706250600516796112060546875,0.02947706591560624034276116844921489246189594268798828125,0.040981438380240257923770030856758239679038524627685546875,0.035382240572120422783530813148900051601231098175048828125,0.050967547908269190959362759940631804056465625762939453125
0.0241574553301400173077606581273357733152806758880615234375,0.0272940712005823489516576074720433098264038562774658203125,0.0191354269188156005110368340638160589151084423065185546875,0.0298766012844079616173065261364172329194843769073486328125,0.0344630897189119600465545545375789515674114227294921875,0.0180776999760104382930503419402157305739820003509521484375,0.043082317841124949386877318602273589931428432464599609375,0.01563231882631661850968640692371991463005542755126953125,0.032352075541399509528428524163246038369834423065185546875,0.0246120275831644731712177787130713113583624362945556640625
0.03680864240599601711068089571199379861354827880859375,0.0461313620026060633438902414127369411289691925048828125,0.035825074227365145962398429446693626232445240020751953125,0.010848457730888626249221573516479111276566982269287109375,0.040538906402295717124051321889055543579161167144775390625,0.0497640569393093812333717096407781355082988739013671875,0.04849947602702753268744118031463585793972015380859375,0.0281436189114762681795500753878513933159410953521728515625,0.033216440577032470271579001064310432411730289459228515625,0.04320360312998337837253615134613937698304653167724609375
0.02640285772854737700310323589292238466441631317138671875,0.0201651770930962558059373890273491269908845424652099609375,0.0385689151645604855200843985585379414260387420654296875,0.043158105002841361252929885949924937449395656585693359375,0.0298478409575121846064593711389534291811287403106689453125,0.04026341282829253021002813284212606959044933319091796875,0.024235313556345013108472841167895239777863025665283203125,0.033593302289179567676757898198047769255936145782470703125,0.038262632096343361653989489923333167098462581634521484375,0.035532953655980303864225788856856524944305419921875
0.041647863435105604568153836453348048962652683258056640625,0.0265715239778157134853397991491874563507735729217529296875,0.043582240115259428259175678022074862383306026458740234375,0.01992419061470158958560006112747942097485065460205078125,0.04980140872548555197596442667418159544467926025390625,0.0342732897501575040077881340039311908185482025146484375,0.028803745379853480657050823765530367381870746612548828125,0.0265009539778593462833189420280177728272974491119384765625,0.029640595942899049253238530354792601428925991058349609375,0.031503272850747034150575842659236514009535312652587890625
0.033809925589752147512268010132174822501838207244873046875,0.042788181154629366387265321236554882489144802093505859375,0.03917041958250004618502515540967578999698162078857421875,0.0136119211919967890433991186682760599069297313690185546875,0.026569022193472340009900989343805122189223766326904296875,0.022742221306190558982596172654666588641703128814697265625,0.0198611503937648446738162277824812917970120906829833984375,0.04447110041995906704048735491596744395792484283447265625,0.0279003418889835798355480989130228408612310886383056640625,0.024336636558842605904118272519554011523723602294921875
0.0305275887242630432349965730054464074783027172088623046875,0.02652538762871219091277197321687708608806133270263671875,0.0355244043484594929083186798379756510257720947265625,0.05085262328257156294597507439902983605861663818359375,0.0187541700577506138813976832580010523088276386260986328125,0.023557737746056676975126009665473247878253459930419921875,0.0274864351327564308824502603556538815610110759735107421875,0.0160137323323048218204345261028720415197312831878662109375,0.032398603228977938817134685223209089599549770355224609375,0.01286662782563769737154135697210222133435308933258056640625
0.033569203511187910293767089342509279958903789520263671875,0.035180507051002611607071202115548658184707164764404296875,0.018074809653215055671449107421722146682441234588623046875,0.03271948472395337648155333454269566573202610015869140625,0.04106060997701728443320945416417089290916919708251953125,0.0140561738440152239615343887635390274226665496826171875,0.0184838003702802178285224954379373230040073394775390625,0.0175153763795225618504769471428517135791480541229248046875,0.0435715659653378162285974894984974525868892669677734375,0.043096054567589102413105450750663294456899166107177734375
0.054034016390990848022202186484719277359545230865478515625,0.045048192539568245040815241964082815684378147125244140625,0.0275805121453890945970588433056036592461168766021728515625,0.0135693902780201387792136102916629170067608356475830078125,0.0469448878565807137253074188265600241720676422119140625,0.02907660052336920319948632140949484892189502716064453125,0.016176151292963410199821083779170294292271137237548828125,0.0175581402114477168330264333917511976324021816253662109375,0.045072345216738744777540404129467788152396678924560546875,0.0227223767033922947888857635234671761281788349151611328125
0.03062330024062041855525961864259443245828151702880859375,0.0260006422208648411975584480160250677727162837982177734375,0.02933411344670565357173330767182051204144954681396484375,0.035090555903115216995757918994058854877948760986328125,0.05735703346770150423683531926144496537744998931884765625,0.028640029400800515180236516243894584476947784423828125,0.0214193591778655996471503186739937518723309040069580078125,0.049956822130886861799137221851196954958140850067138671875,0.0225887188091999889516525712451766594313085079193115234375,0.039889753365412013164092996930776280350983142852783203125
0.0292326483820282978509652593857026658952236175537109375,0.0267017073812793430398482286136641050688922405242919921875,0.04009440259964468233899737015235587023198604583740234375,0.031539445448865270626992440838876063935458660125732421875,0.032565045784468858725002604614928713999688625335693359375,0.033771548063306559839258369493109057657420635223388671875,0.023335196797332875828789866545776021666824817657470703125,0.032925402064101827459552396248909644782543182373046875,0.037460089256337224250525963498148485086858272552490234375,0.03343491602470151369264073082376853562891483306884765625
0.0197057333473970690274068573444310459308326244354248046875,0.033852335994438077781953921885360614396631717681884765625,0.01639428293248403056825424073394970037043094635009765625,0.033165193157854648553506393682255293242633342742919921875,0.042426257710309424331374117400628165341913700103759765625,0.0260209791513086596825843344049644656479358673095703125,0.0192105938482513595444434173487024963833391666412353515625,0.036304985733547630311068843411703710444271564483642578125,0.0323174973780497587494409117425675503909587860107421875,0.039879574622670284356207304199415375478565692901611328125
0.0500433272702769382789256269461475312709808349609375,0.053063210872532795558953466752427630126476287841796875,0.038187908641181100843908780007041059434413909912109375,0.035569533377274704932791138389802654273808002471923828125,0.0199103398965974898171538143287762068212032318115234375,0.031207564812717129842933871941568213514983654022216796875,0.028927126849482336090613188162024016492068767547607421875,0.0171076594413574513409148636355894268490374088287353515625,0.041132759004038364769595403913626796565949916839599609375,0.0260927278203905259335027011502461391501128673553466796875
0.0298914206375058798259569670108248828910291194915771484375,0.032571934170920087414646815204832819290459156036376953125,0.03654175823360734931544158143879030831158161163330078125,0.0235466971482162050477437986728546093218028545379638671875,0.0392233194282238517569538771567749790847301483154296875,0.03728067837754588109699938058838597498834133148193359375,0.062326679099858776911258217978684115223586559295654296875,0.0309846139238086175360376017806629533879458904266357421875,0.02352884128224215498637050814068061299622058868408203125,0.009180874106193746830850699325310415588319301605224609375
0.0268412937057810781216193873888187226839363574981689453125,0.0175071459242775902265254472922606510110199451446533203125,0.058722038014505095748774010644410736858844757080078125,0.032263101275614103347066929927677847445011138916015625,0.0169371351673312693641992865423162584193050861358642578125,0.039015774334790358224278605803192476741969585418701171875,0.038990556935638555347001243944760062731802463531494140625,0.027327821252234520132962103389218100346624851226806640625,0.042120245494131326735587350640344084240496158599853515625,0.031314329505287508137456597978598438203334808349609375
0.0311370152750096891580700031454398413188755512237548828125,0.04274210817580374743851479024669970385730266571044921875,0.041002751711142558510569955387836671434342861175537109375,0.033541691217740365882349351522861979901790618896484375,0.048278879947424101215514014029395184479653835296630859375,0.025679024475403856853095163614852936007082462310791015625,0.0303209566384009497619356210407204343937337398529052734375,0.0278093803630423859474252168411112506873905658721923828125,0.05299743678530700885520587917199009098112583160400390625,0.056165794584319424231910744538254220969974994659423828125
0.0140212461592981972591243078340994543395936489105224609375,0.0307878438867992230976167178368996246717870235443115234375,0.0222143404330541437141643967834170325659215450286865234375,0.0242033984250806799565225446713156998157501220703125,0.033200982081525561018242598265715059824287891387939453125,0.03098927205045852451004151362212724052369594573974609375,0.0293833050111310563334843237726090592332184314727783203125,0.0269537618463569460247608589043011306785047054290771484375,0.04175424659510974800813443152947002090513706207275390625,0.04079279299036690786817160869759391061961650848388671875
0.0222979203395078685867591872238335781730711460113525390625,0.0203801074567114375024612371589682879857718944549560546875,0.025261243037487994544942893071493017487227916717529296875,0.02791042510858231240344906609607278369367122650146484375,0.024448473384546698383701368584297597408294677734375,0.02687164538147586434480018624526564963161945343017578125,0.030097676623974008169870586471006390638649463653564453125,0.057486908986334149529451309490468702279031276702880859375,0.05298263400555310032036260281529393978416919708251953125,0.0356687664067119325483901093321037478744983673095703125
0.034132674378667730852310313593989121727645397186279296875,0.017643214864808444419796984448112198151648044586181640625,0.040951618394566395575662198780264589004218578338623046875,0.0320889015309465397418620113967335782945156097412109375,0.04202939526071257370087863591834320686757564544677734375,0.0277501203141312831335074662320039351470768451690673828125,0.03595553462955465573447355609459918923676013946533203125,0.03901398253090680723342842384226969443261623382568359375,0.035403588624224602288137475625262595713138580322265625,0.02477195282587162095122579330563894473016262054443359375
0.041234401334284319362577519996193586848676204681396484375,0.0259919953581756284222148423168619046919047832489013671875,0.0108196881793001624394445769894446129910647869110107421875,0.03481199991290051531933613659930415451526641845703125,0.012238337782318926827418437142114271409809589385986328125,0.016153507481766589404248435357658308930695056915283203125,0.018900706946208233050210623105158447287976741790771484375,0.04139134008628543581753689295510412193834781646728515625,0.024657498238647802824008437028169282712042331695556640625,0.048479907105664347966023086655695806257426738739013671875
0.05731085054214017648899215373603510670363903045654296875,0.032193073030451067884083471426492906175553798675537109375,0.021370126341871610586853336144486092962324619293212890625,0.021761177714013445194662921267081401310861110687255859375,0.0364844870907804208481906016459106467664241790771484375,0.0252894256670010177112661864384790533222258090972900390625,0.016579327142943418860188131702670943923294544219970703125,0.02308688097329074373487145521721686236560344696044921875,0.051958288212329541144729461166207329370081424713134765625,0.0200760494482282760009272948309444473125040531158447265625
0.037715322342304298530724082638698746450245380401611328125,0.02774186013366965186666135423365631140768527984619140625,0.029585707394945419401732777942015673033893108367919921875,0.042295339431373028815652759249132941477000713348388671875,0.01228364388173537775916788206131968763656914234161376953125,0.0304628090239647160430980221690333564765751361846923828125,0.0186019536132794698068959604597694124095141887664794921875,0.045425087805357720893706385822952142916619777679443359375,0.031130070246393685973185228021975490264594554901123046875,0.045408783661237024642520765382869285531342029571533203125
0.03022929098723370344714567181654274463653564453125,0.052901114076507542438587705646568792872130870819091796875,0.0360556563474345725950342966825701296329498291015625,0.045912479248644666451895091086043976247310638427734375,0.057084910528499920034928294398923753760755062103271484375,0.03919919650785640141688048743162653408944606781005859375,0.0363128692272469966173531474851188249886035919189453125,0.039486670039154271594217249230496236123144626617431640625,0.0207596268400104637386061057213737512938678264617919921875,0.03396292807539712244047080957898288033902645111083984375
0.0275437473235304770835529808437058818526566028594970703125,0.03899340079317713259055011576492688618600368499755859375,0.027633243843558287500261627656072960235178470611572265625,0.030409507700976105837309404478219221346080303192138671875,0.032323359296421778907859589935469557531177997589111328125,0.0103909078911508696851928590376701322384178638458251953125,0.0310009451663026021350777483576166559942066669464111328125,0.05042388344981073300399287973050377331674098968505859375,0.0293203004578019010839540214874432422220706939697265625,0.038248155451594927078939889497632975690066814422607421875
0.023462073069355125765067526799612096510827541351318359375,0.0365630545626834668748728063292219303548336029052734375,0.0223576831358378615155491075938698486424982547760009765625,0.04000453545946458522308830652036704123020172119140625,0.042480867076782245772559321039807400666177272796630859375,0.031088172254341524258780538048085873015224933624267578125,0.034643271559301615225567871902967453934252262115478515625,0.0272449551304252725325572015435682260431349277496337890625,0.0019619606780140637358744726270742830820381641387939453125,0.0196057060249464065737612372686271555721759796142578125
0.0650873497597354300214789191159070469439029693603515625,0.0228165337235521452352582372213873895816504955291748046875,0.033458596410290863953918005790910683572292327880859375,0.03582120617287072594780994450047728605568408966064453125,0.034809587293097292437504819417881662957370281219482421875,0.0311702155267887977274643418468258460052311420440673828125,0.03672038509062026945262147137327701784670352935791015625,0.0385965935913661073453084782158839516341686248779296875,0.04498112976630264103761192018282599747180938720703125,0.03382315660168189186407516899635083973407745361328125
0.049595500646427988222786353844639961607754230499267578125,0.01859877660188007097996631955538759939372539520263671875,0.0220813021205361580123760489868800505064427852630615234375,0.0386361106938587772763327166103408671915531158447265625,0.05237988410580042553110757808099151588976383209228515625,0.00876679556576757425256918310196851962246000766754150390625,0.03210576791611197133846644646837376058101654052734375,0.0276857814271952683282673746134605607949197292327880859375,0.0237718228165333216039822872289732913486659526824951171875,0.053536126243246683065191149353267974220216274261474609375
0.0250185251868564051402898940068553201854228973388671875,0.0331233756826811720497261148921097628772258758544921875,0.036582645941832934999293769351424998603761196136474609375,0.029034768640068424339073516193820978514850139617919921875,0.047969170745559987223405329359593451954424381256103515625,0.0253969458116360437271996630670400918461382389068603515625,0.037518925204886179047836236577495583333075046539306640625,0.03266772446618525227446383496499038301408290863037109375,0.01578231574257259184346224856199114583432674407958984375,0.04460672729435823102850378063521930016577243804931640625
0.0296798449633782039647211803412574226967990398406982421875,0.049009725232637302294591563622816465795040130615234375,0.0228355073164715587086259773741403478197753429412841796875,0.029994359513696618180222941418833215720951557159423828125,0.02953219068558353421760642731896950863301753997802734375,0.021725351021510498628064311787966289557516574859619140625,0.0267496358459452486522334169194436981342732906341552734375,0.02745663957108901431780623170197941362857818603515625,0.0216048535977740215063835904629740980453789234161376953125,0.03183782133785413581694712092939880676567554473876953125
0.04115433517992055090228831204512971453368663787841796875,0.019684630876605692384462287236601696349680423736572265625,0.038765823337274463167290150522603653371334075927734375,0.039181503779340286219845523874028003774583339691162109375,0.033469588625588859998050139665792812593281269073486328125,0.0423690694528950917430165645782835781574249267578125,0.028908621176047914758111545552310417406260967254638671875,0.03335109232585715954844118869004887528717517852783203125,0.037030255895824371048519196847337298095226287841796875,0.0356455383101229317244218464111327193677425384521484375
0.0237599178869959369586606356961056008003652095794677734375,0.03609912302111950577199195322464220225811004638671875,0.031582002381021094528090742414860869757831096649169921875,0.039563906670268454701666627215672633610665798187255859375,0.01670160707059957505560277013501035980880260467529296875,0.048446050837422406643018035765635431744158267974853515625,0.057772924143939870245123557879196596331894397735595703125,0.032464136357504912167026844826978049241006374359130859375,0.0399426721770863857319255885158781893551349639892578125,0.05757495955041593005407918326454819180071353912353515625