0.018866681915940160252365132009799708612263202667236328125,0.0138970188093099668302787819129662238992750644683837890625,0.012019149234404731541037136821614694781601428985595703125,0.013561792063749557313290239335401565767824649810791015625,0.0168323124793283394884380044231875217519700527191162109375,0.015759949010472000530125313844109768979251384735107421875,0.01331784304808992895619024210418501752428710460662841796875,0.01907565389340655503946919679947313852608203887939453125
0.01514307904405578185380587541430941200815141201019287109375,0.0201786179542477565884706081078547867946326732635498046875,0.00999976698965818720787890327983404858969151973724365234375,0.0170004483956490426432850426863296888768672943115234375,0.0152844124805990577709025046715396456420421600341796875,0.016193256193681844490317445206528645940124988555908203125,0.0177099168799342877866909162776209996081888675689697265625,0.0195429640145062290257360615441939444281160831451416015625
0.0153612603737849524876413198626323719508945941925048828125,0.01518286612389640154174852426649522385559976100921630859375,0.0151015842708282395367991313150923815555870532989501953125,0.017071868767196192451240932541622896678745746612548828125,0.0176989290482664728132444764696629135869443416595458984375,0.014664174427919778043172271964067476801574230194091796875,0.017481252444438155624339970017899759113788604736328125,0.01866431878328871085681583963378216139972209930419921875
0.0170487294825389934516124412766657769680023193359375,0.018803458662382331600948504046755260787904262542724609375,0.016640468541624230114361893129171221517026424407958984375,0.018426089895015984598813929551397450268268585205078125,0.0171578001649059404265518224974584882147610187530517578125,0.0179519345638244065543887018066016025841236114501953125,0.019166010743449375663960410065556061454117298126220703125,0.01722419911888546650846620877928216941654682159423828125
0.012946728127868671609501660668684053234755992889404296875,0.0169322835965570218930142942781458259560167789459228515625,0.0170448983858519052814184391309026977978646755218505859375,0.019363866397448047107499036201261333189904689788818359375,0.0162534560334228160571878873952300637029111385345458984375,0.020005273548706466180124863285527681000530719757080078125,0.0200830081929677488339347490864383871667087078094482421875,0.0155454525682510273643099907303621876053512096405029296875
0.01322118833394573221562406928342170431278645992279052734375,0.0162656008581195908602179400759268901310861110687255859375,0.0161919706247910695495750843519999762065708637237548828125,0.01434751194766240543765345449855885817669332027435302734375,0.01541293588564569307097773531722850748337805271148681640625,0.018713889573821841649792219186565489508211612701416015625,0.0187373202405593762553959180650053895078599452972412109375,0.016613390602388922179244445942458696663379669189453125
0.01452695155136363332204485487864076276309788227081298828125,0.01410550778324035949007342338745729648508131504058837890625,0.0159635944661050653559097867173477425239980220794677734375,0.0177329325142811071447379589471893268637359142303466796875,0.0168455637802595210861245078604042646475136280059814453125,0.0195791726912301795870963161405597929842770099639892578125,0.01416841743157757661786266822900870465673506259918212890625,0.01655036085674109480603277688715024851262569427490234375
0.01929969938768687220953523819844122044742107391357421875,0.0179018731122726204585404730096342973411083221435546875,0.01408944289065650230796666875221490045078098773956298828125,0.01636772953205578584601198599557392299175262451171875,0.0179272426986457171504962815333783510141074657440185546875,0.0169621333883925966279360153521338361315429210662841796875,0.012328564787171696071066406830141204409301280975341796875,0.02000710736087840668773196739493869245052337646484375
0.0173348158786848054180307343585809576325118541717529296875,0.0168740617810117475572351253276792704127728939056396484375,0.016815659002866391313890659375829272903501987457275390625,0.0164349498227388916837821142280517960898578166961669921875,0.01232581436954602142896941785465969587676227092742919921875,0.020729446737746730355933522105260635726153850555419921875,0.0138555520331340269180042668040186981670558452606201171875,0.01561280812459047741269646536466098041273653507232666015625
0.0144736856214073110471485250627665664069354534149169921875,0.0159777659789324712191760369250914664007723331451416015625,0.02092070204474223704682600555315730161964893341064453125,0.0216262233473712255082954669660466606728732585906982421875,0.015189078091322825991849043703041388653218746185302734375,0.01364293403094077837545139431085772230289876461029052734375,0.0161721520227528225976953990539186634123325347900390625,0.0163497652543023903881636016421907697804272174835205078125
0.0169728290649031852976857948078759363852441310882568359375,0.0179981934747081469272433906780861434526741504669189453125,0.017944321994334093417489128796660224907100200653076171875,0.016571730031959101825389524265119689516723155975341796875,0.0181519114183302278375808924693046719767153263092041015625,0.01783666035773960600874232795831630937755107879638671875,0.016533219455140690801187020042561925947666168212890625,0.0178015393162612202415662210341906757093966007232666015625
0.0183310371115274206577083759839297272264957427978515625,0.0200199141537922946365579690564118209294974803924560546875,0.015911933809153226693222649146264302544295787811279296875,0.018525160499648508916070710483836592175066471099853515625,0.015898780316183781791128382110400707460939884185791015625,0.0203650551759365916471011814792291261255741119384765625,0.0160460926716966580107825990353376255370676517486572265625,0.018518679730461402865859810162874055095016956329345703125
0.01554626540015355447288403212269258801825344562530517578125,0.01851237763005519898484863006160594522953033447265625,0.0172085768584925684343556184785484219901263713836669921875,0.0141390188947661844809378095533247687853872776031494140625,0.0128367579513025305282258869965517078526318073272705078125,0.01744115183562421067531289509133785031735897064208984375,0.0172751328968100935357110614631892531178891658782958984375,0.01699909731156633296844660208080313168466091156005859375
0.01559572004111701992723482135261292569339275360107421875,0.0163031092661630704065967023552730097435414791107177734375,0.016520989062290387938691793578982469625771045684814453125,0.018019229573035304425854263854489545337855815887451171875,0.018097398488626785517663364544205251149833202362060546875,0.017114232289890250748864986007902189157903194427490234375,0.0162746426266520798076253839781202259473502635955810546875,0.0166452023058857416504263682099917787127196788787841796875
0.01509519959058572106946893853773872251622378826141357421875,0.01918625909406353191588578965820488519966602325439453125,0.01459518134953513048002182728168918401934206485748291015625,0.018712513197410345078264271023726905696094036102294921875,0.015338068294345579001269896934900316409766674041748046875,0.01494300055149935281539885778556708828546106815338134765625,0.0177597834416637449794773573330530780367553234100341796875,0.016823999246520802974824704278944409452378749847412109375
0.016809801658613850172674375471615348942577838897705078125,0.01472527086502458705530305138609037385322153568267822265625,0.016140696889457732676742551802817615680396556854248046875,0.017643648963343749880294808463077060878276824951171875,0.0210491853949675324086943106749458820559084415435791015625,0.016730427902223780900481386879619094543159008026123046875,0.0177577839405247787929464919898236985318362712860107421875,0.018798079912941335900544714831994497217237949371337890625
0.01522777008835199223646394983688878710381686687469482421875,0.0143335768377375570581389041535658179782330989837646484375,0.017400129734994114472090842582474579103291034698486328125,0.0160014928202658300582239547793506062589585781097412109375,0.01722455428322590409440095982063212431967258453369140625,0.016470227521695905703591478186353924684226512908935546875,0.020099691272905985395258454673239612020552158355712890625,0.0200557699432912482639945750406695879064500331878662109375
0.018247457052766591356629533038358204066753387451171875,0.0176817289588228308827577706097144982777535915374755859375,0.0146308295847889235918870554087334312498569488525390625,0.01923486894715943640310484852307126857340335845947265625,0.01930967301237751510001317001297138631343841552734375,0.0164293240296636555708431615130393765866756439208984375,0.0165536441692616109744307095752446912229061126708984375,0.0200515612360550703197059618787534418515861034393310546875
0.013393819153082693607093034415811416693031787872314453125,0.0167141868045856435698315323179485858418047428131103515625,0.0191920159282574186165870600007110624574124813079833984375,0.0172930158024615469869456063634061138145625591278076171875,0.016749628166073886326170594429640914313495159149169921875,0.020536307156829324005453685231259441934525966644287109375,0.00996716226870839917817423980750390910543501377105712890625,0.0171230822890962620930199733493282110430300235748291015625
0.0161907025202332847946262717186982627026736736297607421875,0.0202145140745483252453507105883545591495931148529052734375,0.0197014562177860209912783062691232771612703800201416015625,0.0163622227589662327940089880939922295510768890380859375,0.02022853471476969422493397132711834274232387542724609375,0.01496026625119658247375920012700589722953736782073974609375,0.017646562303215269917888718964604777283966541290283203125,0.016643163029944084418954020065939403139054775238037109375
0.019501883189227263437626191944218589924275875091552734375,0.014372244919568559484712721996402251534163951873779296875,0.0155112669337203745723030579029000364243984222412109375,0.018521017581917577354833071012762957252562046051025390625,0.0157631741593758263608737735239628818817436695098876953125,0.02030908623111467303790078631209325976669788360595703125,0.01591071454711910637680460922638303600251674652099609375,0.013834985804211004378760918598345597274601459503173828125
0.0158923032583918322213634155559702776372432708740234375,0.01475805842135955760208165798985646688379347324371337890625,0.0177611772203245844858887636519284569658339023590087890625,0.01488552784253394621616362059057792066596448421478271484375,0.018568868972152700880240416836386430077254772186279296875,0.0122931565771235533357508273866187664680182933807373046875,0.01348683419520783390022078407355365925468504428863525390625,0.0168981743382226080874008999899160698987543582916259765625
0.017817471886703080408143051727165584452450275421142578125,0.019157985504515716301821015576933859847486019134521484375,0.0175646142254763104606496426640660502016544342041015625,0.0203955798222860418267288196148001588881015777587890625,0.0185916962049270939605349894918617792427539825439453125,0.0175780564647127178490304544311584322713315486907958984375,0.01979947760399820844146034914956544525921344757080078125,0.0174003174557455890514301444227385218255221843719482421875
0.01430749781510986216870318088467683992348611354827880859375,0.01719274837801941513415471263215295039117336273193359375,0.01547756037896841178891360613079086760990321636199951171875,0.01538746047323197828349261584435225813649594783782958984375,0.0177556111034004697468713374064464005641639232635498046875,0.014327393000360698349648913563214591704308986663818359375,0.02060708738115378524380361113799153827130794525146484375,0.01623552821111125255004736800401587970554828643798828125
0.015517030500169164131119003968706238083541393280029296875,0.0205033042979868539157362050673327757976949214935302734375,0.0176270652586314365006803228652643156237900257110595703125,0.0158752510691847932566833634382419404573738574981689453125,0.01502783675105502127211654084248948493041098117828369140625,0.0141367704123724104159354197918219142593443393707275390625,0.01827006807617549688504965388347045518457889556884765625,0.0167465394326405669911395079907379113137722015380859375
0.016243558451866368930183170959935523569583892822265625,0.017834966425094744835178062203340232372283935546875,0.01503318165761745837938345715656396350823342800140380859375,0.0158416024664181816217212173114603501744568347930908203125,0.016023411810319299064531151088885962963104248046875,0.0163357159026222553688256766690756194293498992919921875,0.0163371797902627513554563165598665364086627960205078125,0.01942855785550005875972345847912947647273540496826171875
0.0152306417346183171901419228788654436357319355010986328125,0.017224663845073880097391594290456851013004779815673828125,0.0199796367716529067737329938836410292424261569976806640625,0.01306221172305708187744155424070413573645055294036865234375,0.018456461980758280538861271224959637038409709930419921875,0.0138979497582316195714025042207140359096229076385498046875,0.018715710481855218905167248522047884762287139892578125,0.01549170475704471361400038631472853012382984161376953125
0.016932432532336061381528224956127814948558807373046875,0.0173229642456693803953537980078181135468184947967529296875,0.01870175505588968223324997097734012641012668609619140625,0.01940357419664094640321394535931176505982875823974609375,0.0159932897175657263988401979304398992098867893218994140625,0.019826981837163491773079471158780506812036037445068359375,0.016546386358827158691298109260969795286655426025390625,0.01802601197558627299510902730617090128362178802490234375
0.01631043469378622157162084249648614786565303802490234375,0.0148036681552186390187220155212344252504408359527587890625,0.019210312012786077973114373662610887549817562103271484375,0.01736497066329516225646756311107310466468334197998046875,0.012773089484410297955729873820018838159739971160888671875,0.01436129182942615101215011463864357210695743560791015625,0.01955439588606344702981232330785132944583892822265625,0.0163758073229248631019761006655244273133575916290283203125
0.017749962154538813374760053420686745084822177886962890625,0.0179399913558429859039566878209370770491659641265869140625,0.0181047215597718962054596403277173521928489208221435546875,0.0174272901364693512393788665804095217026770114898681640625,0.018174864456235208243217726931106881238520145416259765625,0.0181956609246065360852018244486316689290106296539306640625,0.0176809355675515596229008252748826635070145130157470703125,0.01932306401204607337884766593560925684869289398193359375
0.0135665050678407568540695393721762229688465595245361328125,0.019763498029182112458723707959507009945809841156005859375,0.01713357113745851700858935373616986908018589019775390625,0.015701226399675090317220593760794145055115222930908203125,0.019898035015795116631220906810995074920356273651123046875,0.01240984788913108462227175010639257379807531833648681640625,0.01518822449062410574749382163872724049724638462066650390625,0.017142437069990600073676745296324952505528926849365234375
0.01757170425629468735184701699836296029388904571533203125,0.0192061224709229698415224873997431132011115550994873046875,0.0167407823825991737554108595986690488643944263458251953125,0.01652075982644572726965037645641132257878780364990234375,0.0190394004047558136616391522011326742358505725860595703125,0.01467197206609835609392167299347420339472591876983642578125,0.0148507772683972479044189896058014710433781147003173828125,0.0183691266574621259177746424029464833438396453857421875
0.0192836808578693598426045952010099426843225955963134765625,0.0161545881705990913845827350314721115864813327789306640625,0.02150072657279085419634867548666079528629779815673828125,0.016013799650570377519631648510767263360321521759033203125,0.0170548511826324571127866391861971351318061351776123046875,0.02179858277903283514387311470272834412753582000732421875,0.0199277278892370200702455207419916405342519283294677734375,0.0111860737950621631775494080329735879786312580108642578125
0.017977673277293916564989473272362374700605869293212890625,0.0152483416322360849914918645708894473500549793243408203125,0.0176082611492487835225251302517790463753044605255126953125,0.01555936145502865609879794561720700585283339023590087890625,0.0150459395349945741771069407377581228502094745635986328125,0.019900032660024068176252143302917829714715480804443359375,0.0187590245786246334613878161690081469714641571044921875,0.01491059768972176520496208951271910336799919605255126953125
0.0188884678705761345496316749859033734537661075592041015625,0.01597455420447881080381336005302728153765201568603515625,0.0161022668570751925631867607080494053661823272705078125,0.0170088663239777483637826804852011264301836490631103515625,0.0205537805325661342148446664168659481219947338104248046875,0.01309798454338210495218053353028153651393949985504150390625,0.016628941253760652629889449372058152221143245697021484375,0.01440830206656090566041950040698793600313365459442138671875
0.019695495602324288031415022715009399689733982086181640625,0.0187460601570335234911102162413953919894993305206298828125,0.0177122643628715818742147547482090885750949382781982421875,0.01862023824560520013360331859075813554227352142333984375,0.01728895940057915969756408003377146087586879730224609375,0.016450573219672144642533595515487832017242908477783203125,0.018868188978202117545013294375166879035532474517822265625,0.01831718853280810133110634296826901845633983612060546875
0.01776051663593548879394035111545235849916934967041015625,0.0126139152331262750783569259738214896060526371002197265625,0.0165296397149009739735436852470229496248066425323486328125,0.015412844941578664192949332800708361901342868804931640625,0.0164537616108362434730327805709748645313084125518798828125,0.0166621436357452905319131986061620409600436687469482421875,0.019127149169508604609202251367605640552937984466552734375,0.0163232616603413462075256035177517333067953586578369140625
0.01658480908097868800066265748682781122624874114990234375,0.016594766352399960285257662917501875199377536773681640625,0.01841339153594258315482790067107998766005039215087890625,0.01771784521979578863604132266118540428578853607177734375,0.0159595347734061976385788739207782782614231109619140625,0.0171666693241297428629277277423170744441449642181396484375,0.0139920647129197113500698179677783627994358539581298828125,0.015394154348642795360202484289402491413056850433349609375
0.0157175323701434187240177919875350198708474636077880859375,0.016128662863388022741251148772789747454226016998291015625,0.0195618795917881817258976440143669606186449527740478515625,0.0195731210355706009007548118461272679269313812255859375,0.014293132665596834651733360033176722936332225799560546875,0.0192164574659175017845580413222705828957259654998779296875,0.0197210176183802952942780706280245794914662837982177734375,0.01162748229322451039291497210115267080254852771759033203125
0.01619106490790900299003851614543236792087554931640625,0.01943837107935804386915634722754475660622119903564453125,0.0121773951733123754481713518771357485093176364898681640625,0.0171487456197275990599226958011058741249144077301025390625,0.01230030690270506217587342945307682384736835956573486328125,0.012429364088387274966951423493810580112040042877197265625,0.01620684420783942425448032054191571660339832305908203125,0.0192700460406534102020259524579159915447235107421875
0.01305189341899463083274124386434777989052236080169677734375,0.01450618706126753122698236353471656912006437778472900390625,0.0124232313208485802003000486593009554781019687652587890625,0.0116657583971701284131228248952538706362247467041015625,0.010395053922707953031334682236774824559688568115234375,0.01607128494868854950983205753800575621426105499267578125,0.020964233924665003072629332336873630993068218231201171875,0.0212223430913076570314412805373649462126195430755615234375
0.01341443449349591539310200261070349370129406452178955078125,0.017405322291483955876589817535204929299652576446533203125,0.01501080325730386709481845031177726923488080501556396484375,0.01500233286260573006831720022091758437454700469970703125,0.0163260840610598943756226475443327217362821102142333984375,0.0172352797358694374840748508859178400598466396331787109375,0.01368449915721372568688796178548727766610682010650634765625,0.0207734017717604302344369671118329279124736785888671875
0.0167229184809633106556514547946790116839110851287841796875,0.01321241138151439155346000831059427582658827304840087890625,0.0203190521188396332197267923902472830377519130706787109375,0.01421530145723104952837356762529452680610120296478271484375,0.01527051028799010674863456671346284565515816211700439453125,0.01563298402609032689003498717283946461975574493408203125,0.018265918212182645496977073662492330186069011688232421875,0.0168185496674077041012740352243781671859323978424072265625
0.01731835922858961096526542178253293968737125396728515625,0.01522842276643133867242152490462103742174804210662841796875,0.0179987983595695823224591691769091994501650333404541015625,0.016689207200745730108604192309940117411315441131591796875,0.0157719746196107145352893752487943856976926326751708984375,0.017372312025798912482610347751688095740973949432373046875,0.0122802121067299811751905025403175386600196361541748046875,0.01524148809208749309751507183818830526433885097503662109375
0.019100511973699420276151528241825872100889682769775390625,0.0199551952468871134083183704888142528943717479705810546875,0.016438680941686378833566095636342652142047882080078125,0.0189290186836362471500816440084236091934144496917724609375,0.02036992690063248179210830812735366635024547576904296875,0.0162307266568505227655183631441104807890951633453369140625,0.0162349816248372712246261784230227931402623653411865234375,0.016388842615206629382829106589269940741360187530517578125
0.018407144412474825412306955740859848447144031524658203125,0.0133911923479150714311192160721475374884903430938720703125,0.012431524811549070352878487710768240503966808319091796875,0.0167338492679735828527753938033129088580608367919921875,0.0165202189670564485168835489048433373682200908660888671875,0.0183260020093751509195900695203818031586706638336181640625,0.0140870184087574061571057626451874966733157634735107421875,0.01530161898629610502109432701445257407613098621368408203125
0.016816795173071573399337097498573712073266506195068359375,0.0163177852317384040892189744909046567045152187347412109375,0.0149778277376589989688948634238840895704925060272216796875,0.0184626259449355810404735933616393595002591609954833984375,0.01396596012375195781929360094864023267291486263275146484375,0.0111093264519882377328041656028290162794291973114013671875,0.0179096764845463642112921576199369155801832675933837890625,0.01624169095348744484841319035695050843060016632080078125
0.01612484190560907471034823856825823895633220672607421875,0.015863726418834885045772153944199089892208576202392578125,0.0165640087020109509630128030721607501618564128875732421875,0.01538686591324517870249533046944634406827390193939208984375,0.013457019460329587567937181802335544489324092864990234375,0.0164874397927897431426202956572524271905422210693359375,0.017395238844164682967541324387639178894460201263427734375,0.015784759951337268280013859111932106316089630126953125
0.013358957148552695615162377862361609004437923431396484375,0.015724200628443034399861488736860337667167186737060546875,0.0191876988635962981988303255320715834386646747589111328125,0.0179023165626955409190923518281124415807425975799560546875,0.015994782853570581326874133765159058384597301483154296875,0.0185335315797220227806985093366165529005229473114013671875,0.0206599315075830410048940422029772889800369739532470703125,0.0158943509744815074380408503884609672240912914276123046875
0.0169837427709037154521798385076181148178875446319580078125,0.0139852825052748548639858228170851361937820911407470703125,0.0164634294505815424736194785282350494526326656341552734375,0.016049111965491573428277405355402152054011821746826171875,0.01392551740582629975218065254694010945968329906463623046875,0.018819272118574981167427040418260730803012847900390625,0.0176579854754730543320295765852279146201908588409423828125,0.0191611367281604542955886216759608942084014415740966796875
0.014083966371464862188389588482095859944820404052734375,0.0172257467062372736366082648373776464723050594329833984375,0.0195244651133149871302663314054370857775211334228515625,0.0156361825489004339917453734187802183441817760467529296875,0.014795062315688091436616247165147797204554080963134765625,0.0167348079810726475813442704065892030484974384307861328125,0.0161889077166577736999197867362454417161643505096435546875,0.016034302919638532269885899950168095529079437255859375
0.0159986478258129678764465353424384375102818012237548828125,0.0110690696588999874794279065781665849499404430389404296875,0.015174103384677707639927035643268027342855930328369140625,0.0184623372523023236702055527302945847623050212860107421875,0.01542019546221212907000097658283266355283558368682861328125,0.018587622478879843590515719142786110751330852508544921875,0.0179587387600342561488897530352915055118501186370849609375,0.01963214982898577043446408652016543783247470855712890625
0.01741808835894860518767046642096829600632190704345703125,0.0177218568527942842150135760448392829857766628265380859375,0.021568170322354252022023501922376453876495361328125,0.01698001604965411470704594876224291510879993438720703125,0.01335678164039332156687311936593687278218567371368408203125,0.017579230777008923725102107482598512433469295501708984375,0.0177080325693246276586023668642155826091766357421875,0.017103908469595703600862890425560181029140949249267578125
0.018275658489942246676118742243488668464124202728271484375,0.01737233328894320638635662135129678063094615936279296875,0.0162470792487908778645167018339634523726999759674072265625,0.0159907799447480715449021460017320350743830204010009765625,0.0159267370563859478327373153661028482019901275634765625,0.0183842834991339680594801819779604556970298290252685546875,0.0196700055320307744255448056946988799609243869781494140625,0.017858091632184484864875884113644133321940898895263671875
0.0183975540355336246445272507799018057994544506072998046875,0.0133449466674105503283254137159019592218101024627685546875,0.0129925388506437443358887406930080032907426357269287109375,0.0167221174585167157988774278010168927721679210662841796875,0.0185723024936513721183661829172706347890198230743408203125,0.02307003106731765618153673358392552472651004791259765625,0.0214179521210800562214249254111564368940889835357666015625,0.0176304082930306450782698135526516125537455081939697265625
0.01422816137738259524569972569452147581614553928375244140625,0.0168995570285228706441937873705683159641921520233154296875,0.0194389352718810463904741681062660063616931438446044921875,0.0145485788022557301080173175478194025345146656036376953125,0.018173756753151477927321622019007918424904346466064453125,0.0158535447602464567296021158426810870878398418426513671875,0.0177322629372401834035866130534486728720366954803466796875,0.014847321309603360439677288695747847668826580047607421875
0.019337102941623683649563503195167868398129940032958984375,0.021547599772802954187778112782325479201972484588623046875,0.0143750543546083686674563750784727744758129119873046875,0.0183397335538925641829077761713051586411893367767333984375,0.0158161646893644168565540297777261002920567989349365234375,0.0162080016348978110662937268671157653443515300750732421875,0.0160656395465156622004432307448951178230345249176025390625,0.02093008909586378807343720609424053691327571868896484375
0.0171247982222091817139375535816725459881126880645751953125,0.013519180784424301988710936939241946674883365631103515625,0.01495737088555441733628281752999100717715919017791748046875,0.017824342553112444698104610552036319859325885772705078125,0.0163034029894215948264246662802179343998432159423828125,0.0183856681288263358597934171712040551938116550445556640625,0.017656402804614244883563145549487671814858913421630859375,0.0132004277278200791989615225929810549132525920867919921875
0.023786177475342722142936935370016726665198802947998046875,0.0176696654414435112834258490011052344925701618194580078125,0.013013442044298002830959859466020134277641773223876953125,0.0141731777182379538315704081696821958757936954498291015625,0.0163272861063714601337348852894137962721288204193115234375,0.02005286336784360690099759949589497409760951995849609375,0.017093787188990704206670301346093765459954738616943359375,0.01388803665855498255254918404943964560516178607940673828125
0.01407535435021786858478254345072855358012020587921142578125,0.014943653828678259143369899675235501490533351898193359375,0.016098360640387894548997138599588652141392230987548828125,0.01696498345151740971825660153626813553273677825927734375,0.0171549030641750289982727650794913643039762973785400390625,0.0122384540543634401377204312666435725986957550048828125,0.0162006703666703021082806657204855582676827907562255859375,0.0163118515186860095489418398528869147412478923797607421875
0.018273452997749191351051223364265752024948596954345703125,0.01289620986542214763070912653120103641413152217864990234375,0.0139592428073122241938275323036577901802957057952880859375,0.0167144373776401712616834771552021265961229801177978515625,0.01421929820013409333234744025276086176745593547821044921875,0.01530235720041813428371479943734811968170106410980224609375,0.01559852623924064783655918375870896852575242519378662109375,0.01530343729221802541451413759432398364879190921783447265625