0.07816325539396186405927124951631412841379642486572265625
0.0805177242851090324560203725923202000558376312255859375
0.086651847514885027567999031816725619137287139892578125
0.08461928776601106150234699043721775524318218231201171875
0.09575552821763418098743869677491602487862110137939453125
0.0750177867635544171065475893556140363216400146484375
0.086944295661142645403884898769319988787174224853515625
0.094039977963204346433911950953188352286815643310546875
0.07627595745007036132090405544659006409347057342529296875
0.06852347289043718425727291787552530877292156219482421875
0.08516250561965373055972605698116240091621875762939453125
0.0951468090347530048855873019419959746301174163818359375
0.0876805540979533615253416201085201464593410491943359375