0.06346763838759071629791463919900706969201564788818359375
0.05445367451246629908467866698629222810268402099609375
0.06412961517020644708342302919845678843557834625244140625
0.067953023483311003616336165578104555606842041015625
0.06094430166789222003131953897536732256412506103515625
0.06417250576161538655473037806586944498121738433837890625
0.060959526889972893981539669994162977673113346099853515625
0.058068874538017956066227043265826068818569183349609375
0.062578463296371733548539850744418799877166748046875
0.06577222789102867006594266285901539959013462066650390625
0.059547384169226523498164027614620863460004329681396484375
0.06062252193849591852536917713223374448716640472412109375
0.06095594961947788104072998294213903136551380157470703125
0.068985198493449806367294740994111634790897369384765625
0.06448254480501332264186231668645632453262805938720703125
0.059845408974614378028178407475934363901615142822265625
0.060835885111059473384642615201300941407680511474609375